1 11
2 11
3 11
4 11
5 11
6 11
7 11
8 11
9 11
10 11
11 11
12 11
13 11
14 11
15 11
16 11
17 11
18 11
19 11
20 11
21 11
22 11
23 11
24 11
25 11
26 11
27 11
28 11
29 11
30 11
31 11
32 11
33 11
34 11
35 11
36 11
37 11
38 11
39 11
40 11
41 11
42 11
43 11
44 11
45 11
46 11
47 11
48 11
49 11
50 11
51 11
52 11
53 11
54 11
55 11
56 11
57 11
58 11
59 11
60 11
61 11
62 11
63 11
64 11
65 11
66 11
67 11
68 11
69 11
70 11
71 11
72 11
73 11
74 11
75 11
76 11
77 11
78 11
79 11
80 11
81 11
82 11
83 11
84 11
85 11
86 11
87 11
88 11
89 11
90 11
91 11
92 11
93 11
94 11
95 11
96 11
97 11
98 11
99 11
100 11
101 11
102 11
103 11
104 11
105 11
106 11
107 11
108 11
109 11
110 11
111 11
112 11
113 11
114 11
115 11
116 11
117 11
118 11
119 11
120 11
121 11
122 11
123 11
124 11
125 11
126 11
127 11
128 11
129 11
130 11
131 11
132 11
133 11
134 11
135 11
136 11
137 11
138 11
139 11
140 11
141 11
142 11
143 11
144 11
145 11
146 11
147 11
148 11
149 11
150 11
151 11
152 11
153 11
154 11
155 11
156 11
157 11
158 11
159 11
160 11
161 11
162 11
163 11
164 11
165 11
166 11
167 11
168 11
169 11
170 11
171 11
172 11
173 11
174 11
175 11
176 11
177 11
178 11
179 10
180 10
181 10
182 10
183 10
184 10
185 10
186 10
187 10
188 10
189 10
190 10
191 10
192 10
193 10
194 10
195 10
196 10
197 10
198 10
199 10
200 10
201 10
202 10
203 10
204 10
205 10
206 10
207 10
208 10
209 10
210 10
211 10
212 10
213 10
214 10
215 10
216 10
217 10
218 10
219 10
220 10
221 10
222 10
223 10
224 10
225 10
226 10
227 10
228 10
229 10
230 10
231 10
232 10
233 10
234 10
235 10
236 10
237 10
238 10
239 3
240 3
241 3
242 3
243 3
244 3
245 3
246 3
247 3
248 3
249 3
250 3
251 3
252 3
253 3
254 3
255 3
256 3
257 3
258 3
259 3
260 3
261 3
262 3
263 3
264 3
265 3
266 3
267 3
268 3
269 3
270 3
271 3
272 3
273 3
274 3
275 3
276 3
277 3
278 3
279 3
280 3
281 3
282 3
283 3
284 3
285 3
286 3
287 3
288 3
289 3
290 3
291 3
292 3
293 3
294 3
295 3
296 3
297 3
298 3
299 3
300 3
301 3
302 3
303 3
304 3
305 3
306 3
307 3
308 3
309 3
310 3
311 3
312 3
313 3
314 3
315 3
316 3
317 3
318 3
319 3
320 3
321 3
322 3
323 3
324 3
325 3
326 3
327 3
328 3
329 3
330 3
331 3
332 3
333 3
334 3
335 3
336 3
337 3
338 3
339 3
340 3
341 3
342 3
343 3
344 3
345 3
346 3
347 3
348 3
349 3
350 3
351 3
352 3
353 3
354 3
355 3
356 3
357 3
358 3
359 3
360 3
361 3
362 3
363 3
364 3
365 3
366 3
367 3
368 3
369 3
370 3
371 3
372 3
373 3
374 3
375 3
376 3
377 3
378 3
379 3
380 3
381 3
382 3
383 3
384 3
385 3
386 3
387 3
388 3
389 3
390 3
391 3
392 3
393 3
394 3
395 3
396 3
397 3
398 3
399 3
400 3
401 3
402 3
403 3
404 3
405 3
406 3
407 3
408 3
409 3
410 3
411 3
412 3
413 3
414 3
415 3
416 3
417 3
418 3
419 3
420 3
421 3
422 3
423 3
424 3
425 16
426 16
427 16
428 16
429 16
430 16
431 16
432 16
433 16
434 16
435 16
436 16
437 16
438 16
439 16
440 16
441 16
442 16
443 16
444 16
445 16
446 16
447 16
448 16
449 16
450 16
451 16
452 16
453 16
454 16
455 16
456 16
457 16
458 16
459 16
460 16
461 16
462 16
463 16
464 16
465 16
466 16
467 16
468 16
469 16
470 16
471 16
472 16
473 16
474 16
475 16
476 16
477 16
478 16
479 16
480 16
481 16
482 16
483 16
484 16
485 16
486 16
487 16
488 16
489 16
490 16
491 16
492 16
493 16
494 16
495 16
496 16
497 16
498 16
499 16
500 16
501 16
502 16
503 16
504 16
505 16
506 16
507 16
508 16
509 16
510 16
511 16
512 16
513 16
514 16
515 16
516 16
517 16
518 16
519 16
520 16
521 16
522 16
523 16
524 16
525 16
526 16
527 16
528 16
529 16
530 16
531 16
532 16
533 16
534 16
535 16
536 16
537 16
538 16
539 16
540 16
541 16
542 16
543 16
544 16
545 16
546 16
547 16
548 16
549 16
550 16
551 16
552 16
553 16
554 16
555 16
556 16
557 16
558 16
559 16
560 16
561 16
562 16
563 16
564 16
565 16
566 16
567 16
568 16
569 16
570 16
571 16
572 16
573 16
574 16
575 16
576 16
577 16
578 16
579 16
580 16
581 16
582 16
583 16
584 16
585 16
586 16
587 16
588 16
589 16
590 16
591 16
592 16
593 16
594 16
595 16
596 16
597 16
598 16
599 16
600 16
601 16
602 16
603 16
604 16
605 16
606 16
607 16
608 16
609 16
610 16
611 16
612 16
613 16
614 16
615 16
616 16
617 16
618 16
619 16
620 16
621 16
622 16
623 16
624 16
625 16
626 16
627 16
628 16
629 16
630 16
631 16
632 16
633 16
634 16
635 16
636 16
637 16
638 16
639 16
640 16
641 16
642 16
643 16
644 16
645 16
646 16
647 16
648 16
649 16
650 16
651 16
652 16
653 16
654 16
655 16
656 16
657 16
658 16
659 16
660 16
661 16
662 16
663 16
664 16
665 16
666 16
667 16
668 16
669 16
670 16
671 16
672 16
673 16
674 16
675 16
676 16
677 16
678 16
679 16
680 16
681 16
682 16
683 16
684 16
685 16
686 16
687 16
688 16
689 16
690 16
691 16
692 16
693 16
694 16
695 16
696 16
697 16
698 16
699 16
700 16
701 16
702 16
703 16
704 16
705 16
706 16
707 16
708 16
709 16
710 16
711 16
712 16
713 16
714 16
715 16
716 16
717 16
718 16
719 16
720 7
721 7
722 7
723 7
724 7
725 7
726 7
727 7
728 7
729 7
730 7
731 7
732 7
733 7
734 7
735 7
736 7
737 7
738 7
739 7
740 7
741 7
742 7
743 7
744 7
745 7
746 7
747 7
748 7
749 7
750 7
751 7
752 7
753 7
754 7
755 7
756 7
757 7
758 7
759 7
760 7
761 7
762 7
763 7
764 7
765 7
766 7
767 7
768 7
769 7
770 7
771 7
772 7
773 7
774 7
775 7
776 7
777 7
778 7
779 7
780 7
781 7
782 7
783 7
784 7
785 7
786 7
787 7
788 7
789 7
790 7
791 7
792 7
793 7
794 7
795 7
796 7
797 7
798 7
799 7
800 7
801 7
802 7
803 7
804 7
805 7
806 7
807 7
808 7
809 7
810 7
811 7
812 7
813 7
814 7
815 7
816 7
817 7
818 7
819 7
820 7
821 7
822 7
823 7
824 7
825 7
826 7
827 7
828 7
829 7
830 7
831 7
832 7
833 7
834 7
835 7
836 7
837 7
838 7
839 7
840 7
841 7
842 7
843 7
844 7
845 7
846 7
847 7
848 7
849 7
850 7
851 7
852 7
853 7
854 7
855 7
856 7
857 7
858 7
859 7
860 7
861 7
862 7
863 7
864 7
865 7
866 7
867 7
868 7
869 7
870 7
871 7
872 7
873 7
874 7
875 7
876 7
877 7
878 7
879 7
880 7
881 7
882 7
883 7
884 7
885 7
886 7
887 7
888 7
889 7
890 7
891 7
892 7
893 7
894 7
895 7
896 7
897 7
898 7
899 7
900 7
901 7
902 7
903 7
904 7
905 7
906 7
907 7
908 7
909 7
910 7
911 7
912 7
913 7
914 7
915 7
916 7
917 7
918 7
919 7
920 7
921 7
922 7
923 7
924 7
925 7
926 7
927 7
928 7
929 7
930 7
931 7
932 7
933 7
934 7
935 7
936 7
937 7
938 7
939 7
940 7
941 7
942 7
943 7
944 7
945 7
946 7
947 7
948 7
949 7
950 7
951 7
952 7
953 30
954 30
955 30
956 30
957 30
958 30
959 30
960 30
961 30
962 30
963 30
964 30
965 30
966 30
967 30
968 30
969 30
970 30
971 30
972 30
973 30
974 30
975 30
976 30
977 30
978 30
979 30
980 30
981 30
982 30
983 30
984 30
985 30
986 30
987 30
988 30
989 30
990 30
991 30
992 30
993 30
994 30
995 30
996 30
997 30
998 20
999 20
1000 20
1001 20
1002 20
1003 20
1004 20
1005 20
1006 20
1007 20
1008 20
1009 20
1010 20
1011 20
1012 20
1013 20
1014 20
1015 20
1016 20
1017 20
1018 20
1019 20
1020 20
1021 20
1022 20
1023 20
1024 20
1025 20
1026 20
1027 20
1028 20
1029 20
1030 20
1031 20
1032 20
1033 20
1034 20
1035 20
1036 20
1037 20
1038 20
1039 20
1040 20
1041 20
1042 20
1043 20
1044 20
1045 20
1046 20
1047 20
1048 20
1049 20
1050 20
1051 20
1052 20
1053 20
1054 20
1055 20
1056 20
1057 17
1058 17
1059 17
1060 17
1061 17
1062 17
1063 17
1064 17
1065 17
1066 17
1067 17
1068 17
1069 17
1070 17
1071 17
1072 17
1073 17
1074 17
1075 17
1076 17
1077 17
1078 17
1079 17
1080 17
1081 17
1082 17
1083 17
1084 17
1085 17
1086 17
1087 17
1088 17
1089 17
1090 17
1091 17
1092 17
1093 17
1094 17
1095 17
1096 17
1097 17
1098 17
1099 17
1100 17
1101 17
1102 17
1103 17
1104 17
1105 17
1106 17
1107 17
1108 17
1109 17
1110 17
1111 17
1112 17
1113 17
1114 17
1115 17
1116 23
1117 23
1118 23
1119 23
1120 23
1121 23
1122 23
1123 23
1124 23
1125 23
1126 23
1127 23
1128 23
1129 23
1130 23
1131 23
1132 23
1133 23
1134 23
1135 23
1136 23
1137 23
1138 23
1139 23
1140 23
1141 23
1142 23
1143 23
1144 23
1145 23
1146 23
1147 23
1148 23
1149 23
1150 23
1151 23
1152 23
1153 23
1154 23
1155 23
1156 23
1157 23
1158 23
1159 23
1160 23
1161 23
1162 23
1163 23
1164 23
1165 23
1166 23
1167 23
1168 23
1169 23
1170 23
1171 23
1172 23
1173 23
1174 23
1175 23
1176 6
1177 6
1178 6
1179 6
1180 6
1181 6
1182 6
1183 6
1184 6
1185 6
1186 6
1187 6
1188 6
1189 6
1190 6
1191 6
1192 6
1193 6
1194 6
1195 6
1196 6
1197 6
1198 6
1199 6
1200 6
1201 6
1202 6
1203 6
1204 6
1205 6
1206 6
1207 6
1208 6
1209 6
1210 6
1211 6
1212 6
1213 6
1214 6
1215 6
1216 6
1217 6
1218 6
1219 6
1220 6
1221 6
1222 6
1223 6
1224 6
1225 6
1226 6
1227 6
1228 6
1229 6
1230 6
1231 6
1232 26
1233 26
1234 26
1235 26
1236 26
1237 26
1238 26
1239 26
1240 26
1241 26
1242 26
1243 26
1244 26
1245 26
1246 26
1247 26
1248 26
1249 26
1250 26
1251 26
1252 26
1253 26
1254 26
1255 26
1256 26
1257 26
1258 26
1259 26
1260 26
1261 26
1262 26
1263 26
1264 26
1265 26
1266 26
1267 26
1268 26
1269 26
1270 26
1271 26
1272 26
1273 26
1274 26
1275 26
1276 26
1277 26
1278 26
1279 26
1280 26
1281 26
1282 26
1283 26
1284 26
1285 26
1286 26
1287 26
1288 26
1289 26
1290 26
1291 26
1292 26
1293 26
1294 26
1295 26
1296 26
1297 26
1298 26
1299 26
1300 26
1301 26
1302 26
1303 26
1304 26
1305 26
1306 26
1307 26
1308 26
1309 26
1310 26
1311 26
1312 26
1313 26
1314 26
1315 26
1316 26
1317 26
1318 26
1319 26
1320 26
1321 26
1322 26
1323 26
1324 26
1325 26
1326 26
1327 26
1328 26
1329 26
1330 26
1331 26
1332 26
1333 26
1334 26
1335 26
1336 26
1337 26
1338 26
1339 26
1340 26
1341 26
1342 26
1343 26
1344 26
1345 26
1346 26
1347 26
1348 26
1349 26
1350 26
1351 26
1352 26
1353 26
1354 26
1355 26
1356 26
1357 26
1358 26
1359 26
1360 26
1361 26
1362 26
1363 26
1364 26
1365 26
1366 26
1367 26
1368 26
1369 26
1370 26
1371 26
1372 26
1373 26
1374 26
1375 26
1376 26
1377 26
1378 26
1379 26
1380 26
1381 26
1382 26
1383 26
1384 26
1385 26
1386 26
1387 26
1388 26
1389 26
1390 26
1391 26
1392 26
1393 26
1394 26
1395 26
1396 26
1397 26
1398 26
1399 26
1400 26
1401 26
1402 26
1403 16
1404 16
1405 16
1406 16
1407 16
1408 16
1409 16
1410 16
1411 16
1412 16
1413 16
1414 16
1415 16
1416 16
1417 16
1418 16
1419 16
1420 16
1421 16
1422 16
1423 16
1424 16
1425 16
1426 16
1427 16
1428 16
1429 16
1430 16
1431 16
1432 16
1433 16
1434 16
1435 16
1436 16
1437 16
1438 16
1439 16
1440 16
1441 16
1442 16
1443 16
1444 16
1445 16
1446 16
1447 16
1448 16
1449 16
1450 16
1451 16
1452 16
1453 16
1454 16
1455 16
1456 16
1457 16
1458 16
1459 16
1460 16
1461 16
1462 16
1463 16
1464 16
1465 16
1466 16
1467 16
1468 16
1469 16
1470 16
1471 16
1472 16
1473 16
1474 16
1475 16
1476 16
1477 16
1478 16
1479 16
1480 16
1481 16
1482 16
1483 16
1484 16
1485 16
1486 16
1487 16
1488 16
1489 16
1490 16
1491 16
1492 16
1493 16
1494 16
1495 16
1496 16
1497 16
1498 16
1499 16
1500 16
1501 16
1502 16
1503 16
1504 16
1505 16
1506 16
1507 16
1508 16
1509 16
1510 16
1511 16
1512 16
1513 16
1514 16
1515 16
1516 16
1517 16
1518 16
1519 16
1520 16
1521 16
1522 16
1523 8
1524 8
1525 8
1526 8
1527 8
1528 8
1529 8
1530 8
1531 8
1532 8
1533 8
1534 8
1535 8
1536 8
1537 8
1538 8
1539 8
1540 8
1541 8
1542 8
1543 8
1544 8
1545 8
1546 8
1547 8
1548 8
1549 8
1550 8
1551 8
1552 8
1553 8
1554 8
1555 8
1556 8
1557 8
1558 8
1559 8
1560 8
1561 8
1562 8
1563 8
1564 8
1565 8
1566 8
1567 8
1568 8
1569 8
1570 8
1571 8
1572 8
1573 8
1574 8
1575 8
1576 8
1577 8
1578 8
1579 8
1580 8
1581 8
1582 9
1583 9
1584 9
1585 9
1586 9
1587 9
1588 9
1589 9
1590 9
1591 9
1592 9
1593 9
1594 9
1595 9
1596 9
1597 9
1598 9
1599 9
1600 9
1601 9
1602 9
1603 9
1604 9
1605 9
1606 9
1607 9
1608 9
1609 9
1610 9
1611 9
1612 9
1613 9
1614 9
1615 9
1616 9
1617 9
1618 9
1619 9
1620 9
1621 9
1622 9
1623 9
1624 9
1625 9
1626 9
1627 9
1628 9
1629 9
1630 9
1631 9
1632 9
1633 9
1634 9
1635 9
1636 9
1637 9
1638 9
1639 9
1640 9
1641 9
1642 9
1643 9
1644 9
1645 9
1646 9
1647 9
1648 9
1649 9
1650 9
1651 9
1652 9
1653 9
1654 9
1655 9
1656 9
1657 9
1658 9
1659 9
1660 9
1661 9
1662 9
1663 9
1664 9
1665 9
1666 9
1667 9
1668 9
1669 9
1670 9
1671 9
1672 9
1673 9
1674 9
1675 9
1676 9
1677 9
1678 9
1679 9
1680 9
1681 9
1682 9
1683 9
1684 9
1685 9
1686 9
1687 9
1688 9
1689 9
1690 9
1691 9
1692 9
1693 9
1694 9
1695 9
1696 9
1697 9
1698 9
1699 9
1700 9
1701 9
1702 10
1703 10
1704 10
1705 10
1706 10
1707 10
1708 10
1709 10
1710 10
1711 10
1712 10
1713 10
1714 10
1715 10
1716 10
1717 10
1718 10
1719 10
1720 10
1721 10
1722 10
1723 10
1724 10
1725 10
1726 10
1727 10
1728 10
1729 10
1730 10
1731 10
1732 10
1733 10
1734 10
1735 10
1736 10
1737 10
1738 10
1739 10
1740 10
1741 10
1742 10
1743 10
1744 10
1745 10
1746 10
1747 10
1748 10
1749 10
1750 10
1751 10
1752 10
1753 10
1754 10
1755 10
1756 10
1757 10
1758 10
1759 10
1760 10
1761 10
1762 10
1763 10
1764 10
1765 10
1766 10
1767 10
1768 10
1769 10
1770 10
1771 10
1772 10
1773 10
1774 10
1775 10
1776 10
1777 10
1778 10
1779 10
1780 10
1781 10
1782 10
1783 10
1784 10
1785 10
1786 10
1787 10
1788 10
1789 10
1790 10
1791 10
1792 10
1793 10
1794 10
1795 10
1796 10
1797 10
1798 10
1799 10
1800 10
1801 10
1802 10
1803 10
1804 10
1805 10
1806 10
1807 10
1808 10
1809 10
1810 10
1811 10
1812 10
1813 10
1814 10
1815 10
1816 10
1817 10
1818 10
1819 10
1820 10
1821 10
1822 10
1823 10
1824 10
1825 10
1826 10
1827 10
1828 10
1829 10
1830 10
1831 10
1832 10
1833 10
1834 10
1835 10
1836 10
1837 10
1838 10
1839 10
1840 10
1841 10
1842 10
1843 10
1844 10
1845 10
1846 10
1847 10
1848 10
1849 10
1850 10
1851 10
1852 10
1853 10
1854 10
1855 10
1856 10
1857 10
1858 10
1859 10
1860 10
1861 10
1862 10
1863 10
1864 10
1865 10
1866 10
1867 10
1868 10
1869 10
1870 10
1871 10
1872 10
1873 10
1874 13
1875 13
1876 13
1877 13
1878 13
1879 13
1880 13
1881 13
1882 13
1883 13
1884 13
1885 13
1886 13
1887 13
1888 13
1889 13
1890 13
1891 13
1892 13
1893 13
1894 13
1895 13
1896 13
1897 13
1898 13
1899 13
1900 13
1901 13
1902 13
1903 13
1904 13
1905 13
1906 13
1907 13
1908 13
1909 13
1910 13
1911 13
1912 13
1913 13
1914 13
1915 13
1916 13
1917 13
1918 13
1919 13
1920 13
1921 13
1922 13
1923 13
1924 13
1925 13
1926 13
1927 13
1928 13
1929 13
1930 13
1931 13
1932 13
1933 13
1934 13
1935 13
1936 13
1937 13
1938 13
1939 13
1940 13
1941 13
1942 13
1943 13
1944 13
1945 13
1946 13
1947 13
1948 13
1949 13
1950 13
1951 13
1952 13
1953 13
1954 13
1955 13
1956 13
1957 13
1958 13
1959 13
1960 13
1961 13
1962 13
1963 13
1964 13
1965 13
1966 13
1967 13
1968 13
1969 13
1970 13
1971 13
1972 13
1973 13
1974 13
1975 13
1976 13
1977 13
1978 13
1979 13
1980 13
1981 13
1982 13
1983 13
1984 13
1985 13
1986 13
1987 13
1988 13
1989 13
1990 13
1991 13
1992 13
1993 27
1994 27
1995 27
1996 27
1997 27
1998 27
1999 27
2000 27
2001 27
2002 27
2003 27
2004 27
2005 27
2006 27
2007 27
2008 27
2009 27
2010 27
2011 27
2012 27
2013 27
2014 27
2015 27
2016 27
2017 27
2018 27
2019 27
2020 27
2021 27
2022 27
2023 27
2024 27
2025 27
2026 27
2027 27
2028 27
2029 27
2030 27
2031 27
2032 27
2033 27
2034 27
2035 27
2036 27
2037 27
2038 27
2039 27
2040 27
2041 27
2042 27
2043 27
2044 27
2045 27
2046 27
2047 27
2048 27
2049 27
2050 27
2051 27
2052 27
2053 36
2054 36
2055 36
2056 36
2057 36
2058 36
2059 36
2060 36
2061 36
2062 36
2063 36
2064 36
2065 36
2066 36
2067 36
2068 36
2069 36
2070 36
2071 36
2072 36
2073 36
2074 36
2075 36
2076 36
2077 36
2078 36
2079 36
2080 36
2081 36
2082 36
2083 36
2084 36
2085 36
2086 36
2087 36
2088 36
2089 36
2090 36
2091 36
2092 36
2093 36
2094 36
2095 36
2096 36
2097 36
2098 36
2099 36
2100 36
2101 36
2102 36
2103 36
2104 36
2105 36
2106 36
2107 36
2108 36
2109 36
2110 36
2111 36
2112 36
2113 36
2114 36
2115 36
2116 36
2117 36
2118 36
2119 36
2120 36
2121 36
2122 36
2123 36
2124 36
2125 36
2126 36
2127 36
2128 36
2129 36
2130 36
2131 36
2132 36
2133 36
2134 36
2135 36
2136 36
2137 36
2138 36
2139 36
2140 36
2141 36
2142 36
2143 36
2144 36
2145 36
2146 36
2147 36
2148 36
2149 36
2150 36
2151 36
2152 36
2153 36
2154 36
2155 36
2156 36
2157 36
2158 36
2159 36
2160 36
2161 36
2162 36
2163 36
2164 36
2165 36
2166 36
2167 36
2168 36
2169 36
2170 36
2171 36
2172 36
2173 36
2174 36
2175 36
2176 36
2177 36
2178 36
2179 36
2180 36
2181 36
2182 36
2183 36
2184 36
2185 36
2186 36
2187 36
2188 36
2189 36
2190 36
2191 36
2192 36
2193 36
2194 36
2195 36
2196 36
2197 36
2198 36
2199 36
2200 36
2201 36
2202 36
2203 36
2204 36
2205 36
2206 36
2207 36
2208 36
2209 36
2210 36
2211 36
2212 36
2213 36
2214 36
2215 36
2216 36
2217 36
2218 36
2219 36
2220 36
2221 36
2222 36
2223 36
2224 36
2225 36
2226 36
2227 36
2228 36
2229 36
2230 36
2231 36
2232 36
2233 36
2234 36
2235 36
2236 36
2237 36
2238 36
2239 36
2240 36
2241 36
2242 36
2243 36
2244 36
2245 36
2246 36
2247 36
2248 36
2249 36
2250 36
2251 36
2252 36
2253 36
2254 36
2255 36
2256 36
2257 36
2258 36
2259 36
2260 36
2261 36
2262 36
2263 36
2264 36
2265 36
2266 36
2267 36
2268 36
2269 36
2270 36
2271 36
2272 36
2273 36
2274 36
2275 36
2276 36
2277 36
2278 36
2279 36
2280 36
2281 36
2282 36
2283 36
2284 36
2285 36
2286 36
2287 36
2288 36
2289 36
2290 36
2291 36
2292 36
2293 36
2294 36
2295 36
2296 36
2297 36
2298 36
2299 36
2300 36
2301 36
2302 36
2303 36
2304 36
2305 36
2306 36
2307 36
2308 36
2309 36
2310 36
2311 36
2312 36
2313 36
2314 36
2315 36
2316 36
2317 36
2318 36
2319 36
2320 36
2321 36
2322 36
2323 36
2324 36
2325 36
2326 36
2327 36
2328 36
2329 36
2330 36
2331 36
2332 36
2333 36
2334 36
2335 36
2336 36
2337 36
2338 36
2339 36
2340 36
2341 36
2342 36
2343 36
2344 36
2345 36
2346 36
2347 36
2348 36
2349 36
2350 36
2351 36
2352 36
2353 36
2354 36
2355 36
2356 36
2357 36
2358 36
2359 36
2360 36
2361 36
2362 36
2363 36
2364 36
2365 36
2366 36
2367 36
2368 36
2369 36
2370 36
2371 36
2372 36
2373 36
2374 36
2375 36
2376 36
2377 36
2378 36
2379 36
2380 36
2381 36
2382 36
2383 36
2384 36
2385 36
2386 36
2387 36
2388 36
2389 36
2390 36
2391 36
2392 36
2393 36
2394 36
2395 36
2396 36
2397 36
2398 36
2399 36
2400 36
2401 36
2402 36
2403 36
2404 36
2405 36
2406 36
2407 36
2408 36
2409 36
2410 36
2411 36
2412 36
2413 36
2414 36
2415 36
2416 36
2417 36
2418 36
2419 36
2420 36
2421 36
2422 36
2423 36
2424 36
2425 36
2426 36
2427 36
2428 36
2429 36
2430 36
2431 36
2432 36
2433 36
2434 36
2435 36
2436 36
2437 36
2438 36
2439 36
2440 36
2441 36
2442 36
2443 36
2444 36
2445 36
2446 36
2447 36
2448 36
2449 36
2450 36
2451 36
2452 36
2453 36
2454 36
2455 36
2456 36
2457 36
2458 36
2459 36
2460 36
2461 36
2462 36
2463 36
2464 36
2465 36
2466 36
2467 36
2468 36
2469 36
2470 12
2471 12
2472 12
2473 12
2474 12
2475 12
2476 12
2477 12
2478 12
2479 12
2480 12
2481 12
2482 12
2483 12
2484 12
2485 12
2486 12
2487 12
2488 12
2489 12
2490 12
2491 12
2492 12
2493 12
2494 12
2495 12
2496 12
2497 12
2498 12
2499 12
2500 12
2501 12
2502 12
2503 12
2504 12
2505 12
2506 12
2507 12
2508 12
2509 12
2510 12
2511 12
2512 12
2513 12
2514 12
2515 12
2516 12
2517 12
2518 12
2519 12
2520 12
2521 12
2522 12
2523 12
2524 12
2525 12
2526 12
2527 12
2528 12
2529 12
2530 29
2531 29
2532 29
2533 29
2534 29
2535 29
2536 29
2537 29
2538 29
2539 29
2540 29
2541 29
2542 29
2543 29
2544 29
2545 29
2546 29
2547 29
2548 29
2549 29
2550 29
2551 29
2552 29
2553 29
2554 29
2555 29
2556 29
2557 29
2558 29
2559 29
2560 29
2561 29
2562 29
2563 29
2564 29
2565 29
2566 29
2567 29
2568 29
2569 29
2570 29
2571 29
2572 29
2573 29
2574 29
2575 29
2576 29
2577 29
2578 29
2579 29
2580 29
2581 29
2582 29
2583 29
2584 29
2585 29
2586 29
2587 29
2588 29
2589 29
2590 4
2591 4
2592 4
2593 4
2594 4
2595 4
2596 4
2597 4
2598 4
2599 4
2600 4
2601 4
2602 4
2603 4
2604 4
2605 4
2606 4
2607 4
2608 4
2609 4
2610 4
2611 4
2612 4
2613 4
2614 4
2615 4
2616 4
2617 4
2618 4
2619 4
2620 4
2621 4
2622 4
2623 4
2624 4
2625 4
2626 4
2627 4
2628 4
2629 4
2630 4
2631 4
2632 4
2633 4
2634 4
2635 4
2636 4
2637 4
2638 4
2639 4
2640 4
2641 4
2642 4
2643 4
2644 4
2645 4
2646 4
2647 4
2648 4
2649 4
2650 13
2651 13
2652 13
2653 13
2654 13
2655 13
2656 13
2657 13
2658 13
2659 13
2660 13
2661 13
2662 13
2663 13
2664 13
2665 13
2666 13
2667 13
2668 13
2669 13
2670 13
2671 13
2672 13
2673 13
2674 13
2675 13
2676 13
2677 13
2678 13
2679 13
2680 13
2681 13
2682 13
2683 13
2684 13
2685 13
2686 13
2687 13
2688 13
2689 13
2690 13
2691 13
2692 13
2693 13
2694 13
2695 13
2696 13
2697 13
2698 13
2699 13
2700 13
2701 13
2702 13
2703 13
2704 13
2705 13
2706 13
2707 13
2708 13
2709 13
2710 13
2711 13
2712 13
2713 13
2714 13
2715 13
2716 13
2717 13
2718 13
2719 13
2720 13
2721 13
2722 13
2723 13
2724 13
2725 13
2726 13
2727 13
2728 13
2729 13
2730 13
2731 13
2732 13
2733 13
2734 13
2735 13
2736 13
2737 13
2738 13
2739 13
2740 13
2741 13
2742 13
2743 13
2744 13
2745 13
2746 13
2747 13
2748 13
2749 13
2750 13
2751 13
2752 13
2753 13
2754 13
2755 13
2756 13
2757 13
2758 13
2759 13
2760 13
2761 13
2762 13
2763 13
2764 13
2765 13
2766 13
2767 13
2768 13
2769 13
2770 16
2771 16
2772 16
2773 16
2774 16
2775 16
2776 16
2777 16
2778 16
2779 16
2780 16
2781 16
2782 16
2783 16
2784 16
2785 16
2786 16
2787 16
2788 16
2789 16
2790 16
2791 16
2792 16
2793 16
2794 16
2795 16
2796 16
2797 16
2798 16
2799 16
2800 16
2801 16
2802 16
2803 16
2804 16
2805 16
2806 16
2807 16
2808 16
2809 16
2810 16
2811 16
2812 16
2813 16
2814 16
2815 16
2816 16
2817 16
2818 16
2819 16
2820 16
2821 16
2822 16
2823 16
2824 16
2825 16
2826 16
2827 16
2828 16
2829 16
2830 28
2831 28
2832 28
2833 28
2834 28
2835 28
2836 28
2837 28
2838 28
2839 28
2840 28
2841 28
2842 28
2843 28
2844 28
2845 28
2846 28
2847 28
2848 28
2849 28
2850 28
2851 28
2852 28
2853 28
2854 28
2855 28
2856 28
2857 28
2858 28
2859 28
2860 28
2861 28
2862 28
2863 28
2864 28
2865 28
2866 28
2867 28
2868 28
2869 28
2870 28
2871 28
2872 28
2873 28
2874 28
2875 28
2876 28
2877 28
2878 28
2879 28
2880 28
2881 28
2882 28
2883 28
2884 28
2885 28
2886 28
2887 28
2888 28
2889 28
2890 28
2891 28
2892 28
2893 28
2894 28
2895 28
2896 28
2897 28
2898 28
2899 28
2900 28
2901 28
2902 28
2903 28
2904 28
2905 28
2906 28
2907 28
2908 28
2909 28
2910 28
2911 28
2912 28
2913 28
2914 28
2915 28
2916 28
2917 28
2918 28
2919 28
2920 28
2921 28
2922 28
2923 28
2924 28
2925 28
2926 28
2927 28
2928 28
2929 28
2930 28
2931 28
2932 28
2933 28
2934 28
2935 28
2936 28
2937 28
2938 28
2939 28
2940 28
2941 28
2942 28
2943 28
2944 28
2945 28
2946 28
2947 28
2948 28
2949 28
2950 28
2951 28
2952 28
2953 28
2954 28
2955 28
2956 28
2957 28
2958 28
2959 28
2960 28
2961 28
2962 28
2963 28
2964 28
2965 28
2966 28
2967 28
2968 28
2969 28
2970 28
2971 28
2972 28
2973 28
2974 28
2975 28
2976 28
2977 28
2978 28
2979 28
2980 28
2981 28
2982 28
2983 28
2984 28
2985 28
2986 28
2987 28
2988 28
2989 28
2990 28
2991 28
2992 28
2993 28
2994 28
2995 28
2996 28
2997 28
2998 28
2999 28
3000 28
3001 28
3002 28
3003 28
3004 28
3005 28
3006 28
3007 28
3008 28
3009 28
3010 28
3011 28
3012 28
3013 28
3014 28
3015 28
3016 28
3017 28
3018 28
3019 28
3020 28
3021 28
3022 28
3023 28
3024 28
3025 28
3026 28
3027 28
3028 28
3029 28
3030 28
3031 28
3032 28
3033 28
3034 28
3035 28
3036 28
3037 28
3038 28
3039 28
3040 28
3041 28
3042 28
3043 28
3044 28
3045 28
3046 28
3047 28
3048 28
3049 28
3050 28
3051 28
3052 28
3053 28
3054 28
3055 28
3056 28
3057 28
3058 28
3059 28
3060 28
3061 28
3062 28
3063 28
3064 28
3065 28
3066 28
3067 28
3068 28
3069 28
3070 7
3071 7
3072 7
3073 7
3074 7
3075 7
3076 7
3077 7
3078 7
3079 7
3080 7
3081 7
3082 7
3083 7
3084 7
3085 7
3086 7
3087 7
3088 7
3089 7
3090 7
3091 7
3092 7
3093 7
3094 7
3095 7
3096 7
3097 7
3098 7
3099 7
3100 7
3101 7
3102 7
3103 7
3104 7
3105 7
3106 7
3107 7
3108 7
3109 7
3110 7
3111 7
3112 7
3113 7
3114 7
3115 7
3116 7
3117 7
3118 7
3119 7
3120 7
3121 7
3122 7
3123 7
3124 7
3125 7
3126 7
3127 7
3128 7
3129 7
3130 13
3131 13
3132 13
3133 13
3134 13
3135 13
3136 13
3137 13
3138 13
3139 13
3140 13
3141 13
3142 13
3143 13
3144 13
3145 13
3146 13
3147 13
3148 13
3149 13
3150 13
3151 13
3152 13
3153 13
3154 13
3155 13
3156 13
3157 13
3158 13
3159 13
3160 13
3161 13
3162 13
3163 13
3164 13
3165 13
3166 13
3167 13
3168 13
3169 13
3170 13
3171 13
3172 13
3173 13
3174 13
3175 13
3176 13
3177 13
3178 13
3179 13
3180 13
3181 13
3182 13
3183 13
3184 13
3185 13
3186 13
3187 13
3188 13
3189 13
3190 13
3191 13
3192 13
3193 13
3194 13
3195 13
3196 13
3197 13
3198 13
3199 13
3200 13
3201 13
3202 13
3203 13
3204 13
3205 13
3206 13
3207 13
3208 13
3209 13
3210 13
3211 13
3212 13
3213 13
3214 13
3215 13
3216 13
3217 13
3218 13
3219 13
3220 13
3221 13
3222 13
3223 13
3224 13
3225 13
3226 13
3227 13
3228 13
3229 13
3230 13
3231 13
3232 13
3233 13
3234 13
3235 13
3236 13
3237 13
3238 13
3239 13
3240 13
3241 13
3242 13
3243 13
3244 13
3245 13
3246 13
3247 13
3248 13
3249 13
3250 7
3251 7
3252 7
3253 7
3254 7
3255 7
3256 7
3257 7
3258 7
3259 7
3260 7
3261 7
3262 7
3263 7
3264 7
3265 7
3266 7
3267 7
3268 7
3269 7
3270 7
3271 7
3272 7
3273 7
3274 7
3275 7
3276 7
3277 7
3278 7
3279 7
3280 7
3281 7
3282 7
3283 7
3284 7
3285 7
3286 7
3287 7
3288 7
3289 7
3290 7
3291 7
3292 7
3293 7
3294 7
3295 7
3296 7
3297 7
3298 7
3299 7
3300 7
3301 7
3302 7
3303 7
3304 7
3305 7
3306 7
3307 7
3308 7
3309 7
3310 3
3311 3
3312 3
3313 3
3314 3
3315 3
3316 3
3317 3
3318 3
3319 3
3320 3
3321 3
3322 3
3323 3
3324 3
3325 3
3326 3
3327 3
3328 3
3329 3
3330 3
3331 3
3332 3
3333 3
3334 3
3335 3
3336 3
3337 3
3338 3
3339 3
3340 3
3341 3
3342 3
3343 3
3344 3
3345 3
3346 3
3347 3
3348 3
3349 3
3350 3
3351 3
3352 3
3353 3
3354 3
3355 3
3356 3
3357 3
3358 3
3359 3
3360 3
3361 3
3362 3
3363 3
3364 3
3365 3
3366 3
3367 3
3368 19
3369 19
3370 19
3371 19
3372 19
3373 19
3374 19
3375 19
3376 19
3377 19
3378 19
3379 19
3380 19
3381 19
3382 19
3383 19
3384 19
3385 19
3386 19
3387 19
3388 19
3389 19
3390 19
3391 19
3392 19
3393 19
3394 19
3395 19
3396 19
3397 19
3398 19
3399 19
3400 19
3401 19
3402 19
3403 19
3404 19
3405 19
3406 19
3407 19
3408 19
3409 19
3410 19
3411 19
3412 19
3413 19
3414 19
3415 19
3416 19
3417 19
3418 19
3419 19
3420 19
3421 19
3422 19
3423 19
3424 19
3425 19
3426 19
3427 19
3428 19
3429 19
3430 19
3431 19
3432 19
3433 19
3434 19
3435 19
3436 19
3437 19
3438 19
3439 19
3440 19
3441 19
3442 19
3443 19
3444 19
3445 19
3446 19
3447 19
3448 19
3449 19
3450 19
3451 19
3452 19
3453 19
3454 19
3455 19
3456 19
3457 19
3458 19
3459 19
3460 19
3461 19
3462 19
3463 19
3464 19
3465 19
3466 19
3467 19
3468 19
3469 19
3470 19
3471 19
3472 19
3473 19
3474 19
3475 19
3476 19
3477 19
3478 19
3479 19
3480 19
3481 19
3482 19
3483 19
3484 19
3485 19
3486 19
3487 19
3488 19
3489 19
3490 19
3491 19
3492 19
3493 19
3494 19
3495 19
3496 19
3497 19
3498 19
3499 19
3500 19
3501 19
3502 19
3503 19
3504 19
3505 19
3506 19
3507 19
3508 19
3509 19
3510 19
3511 19
3512 19
3513 19
3514 19
3515 19
3516 19
3517 19
3518 19
3519 19
3520 19
3521 19
3522 19
3523 19
3524 19
3525 19
3526 19
3527 19
3528 19
3529 19
3530 19
3531 19
3532 19
3533 19
3534 19
3535 19
3536 19
3537 19
3538 19
3539 19
3540 19
3541 19
3542 19
3543 19
3544 19
3545 19
3546 19
3547 19
3548 19
3549 19
3550 19
3551 19
3552 19
3553 19
3554 19
3555 19
3556 19
3557 19
3558 19
3559 19
3560 19
3561 19
3562 19
3563 19
3564 19
3565 19
3566 19
3567 19
3568 19
3569 19
3570 19
3571 19
3572 19
3573 19
3574 19
3575 19
3576 19
3577 19
3578 19
3579 19
3580 19
3581 19
3582 19
3583 19
3584 19
3585 19
3586 19
3587 19
3588 19
3589 19
3590 19
3591 19
3592 19
3593 19
3594 19
3595 19
3596 19
3597 19
3598 19
3599 19
3600 19
3601 19
3602 19
3603 19
3604 19
3605 19
3606 19
3607 19
3608 19
3609 19
3610 19
3611 19
3612 19
3613 19
3614 19
3615 19
3616 19
3617 19
3618 19
3619 19
3620 19
3621 19
3622 19
3623 19
3624 19
3625 19
3626 19
3627 19
3628 19
3629 19
3630 19
3631 19
3632 19
3633 19
3634 19
3635 19
3636 19
3637 19
3638 19
3639 19
3640 19
3641 19
3642 19
3643 19
3644 19
3645 19
3646 19
3647 19
3648 19
3649 19
3650 19
3651 19
3652 19
3653 19
3654 19
3655 19
3656 19
3657 19
3658 19
3659 19
3660 19
3661 19
3662 19
3663 19
3664 19
3665 19
3666 19
3667 19
3668 19
3669 19
3670 19
3671 19
3672 19
3673 19
3674 19
3675 19
3676 19
3677 19
3678 19
3679 19
3680 19
3681 19
3682 19
3683 19
3684 19
3685 19
3686 19
3687 19
3688 19
3689 19
3690 19
3691 19
3692 19
3693 19
3694 19
3695 19
3696 19
3697 19
3698 19
3699 19
3700 19
3701 19
3702 19
3703 19
3704 19
3705 19
3706 19
3707 19
3708 19
3709 19
3710 19
3711 19
3712 19
3713 19
3714 19
3715 19
3716 19
3717 19
3718 19
3719 19
3720 19
3721 19
3722 19
3723 19
3724 19
3725 19
3726 19
3727 19
3728 19
3729 19
3730 19
3731 19
3732 19
3733 19
3734 19
3735 19
3736 19
3737 19
3738 19
3739 19
3740 19
3741 19
3742 19
3743 19
3744 19
3745 19
3746 19
3747 19
3748 19
3749 19
3750 19
3751 19
3752 19
3753 19
3754 19
3755 19
3756 19
3757 19
3758 19
3759 19
3760 19
3761 19
3762 19
3763 19
3764 19
3765 19
3766 19
3767 19
3768 19
3769 19
3770 19
3771 19
3772 19
3773 19
3774 19
3775 19
3776 19
3777 19
3778 19
3779 19
3780 19
3781 19
3782 19
3783 19
3784 19
3785 19
3786 19
3787 19
3788 19
3789 19
3790 19
3791 19
3792 19
3793 19
3794 19
3795 19
3796 19
3797 19
3798 19
3799 19
3800 19
3801 19
3802 19
3803 19
3804 19
3805 19
3806 19
3807 19
3808 19
3809 19
3810 19
3811 19
3812 19
3813 19
3814 19
3815 19
3816 19
3817 19
3818 19
3819 19
3820 19
3821 19
3822 19
3823 19
3824 19
3825 19
3826 19
3827 19
3828 19
3829 19
3830 19
3831 19
3832 19
3833 19
3834 19
3835 19
3836 19
3837 34
3838 34
3839 34
3840 34
3841 34
3842 34
3843 34
3844 34
3845 34
3846 34
3847 34
3848 34
3849 34
3850 34
3851 34
3852 34
3853 34
3854 34
3855 34
3856 34
3857 34
3858 34
3859 34
3860 34
3861 34
3862 34
3863 34
3864 34
3865 34
3866 34
3867 34
3868 34
3869 34
3870 34
3871 34
3872 34
3873 34
3874 34
3875 34
3876 34
3877 34
3878 34
3879 34
3880 34
3881 34
3882 34
3883 34
3884 34
3885 34
3886 34
3887 34
3888 34
3889 34
3890 34
3891 34
3892 34
3893 34
3894 34
3895 34
3896 34
3897 34
3898 34
3899 34
3900 34
3901 34
3902 34
3903 34
3904 34
3905 34
3906 34
3907 34
3908 34
3909 34
3910 34
3911 34
3912 34
3913 34
3914 34
3915 34
3916 34
3917 34
3918 34
3919 34
3920 34
3921 34
3922 34
3923 34
3924 34
3925 34
3926 34
3927 34
3928 34
3929 34
3930 34
3931 34
3932 34
3933 34
3934 34
3935 34
3936 34
3937 34
3938 34
3939 34
3940 34
3941 34
3942 34
3943 34
3944 34
3945 34
3946 34
3947 34
3948 34
3949 34
3950 34
3951 34
3952 34
3953 34
3954 34
3955 34
3956 34
3957 34
3958 34
3959 34
3960 34
3961 34
3962 34
3963 34
3964 34
3965 34
3966 34
3967 34
3968 34
3969 34
3970 34
3971 34
3972 34
3973 34
3974 34
3975 34
3976 34
3977 34
3978 34
3979 34
3980 34
3981 34
3982 34
3983 34
3984 34
3985 34
3986 34
3987 34
3988 34
3989 34
3990 34
3991 34
3992 34
3993 34
3994 34
3995 34
3996 34
3997 34
3998 34
3999 34
4000 34
4001 34
4002 34
4003 34
4004 34
4005 34
4006 34
4007 34
4008 34
4009 34
4010 34
4011 34
4012 34
4013 34
4014 34
4015 34
4016 34
4017 34
4018 34
4019 34
4020 34
4021 34
4022 34
4023 34
4024 34
4025 34
4026 34
4027 34
4028 34
4029 34
4030 34
4031 34
4032 34
4033 34
4034 34
4035 34
4036 34
4037 34
4038 34
4039 34
4040 34
4041 34
4042 34
4043 34
4044 34
4045 34
4046 34
4047 34
4048 34
4049 34
4050 34
4051 34
4052 34
4053 34
4054 34
4055 34
4056 34
4057 34
4058 34
4059 34
4060 34
4061 34
4062 34
4063 34
4064 34
4065 34
4066 34
4067 34
4068 34
4069 34
4070 34
4071 34
4072 34
4073 34
4074 34
4075 34
4076 34
4077 32
4078 32
4079 32
4080 32
4081 32
4082 32
4083 32
4084 32
4085 32
4086 32
4087 32
4088 32
4089 32
4090 32
4091 32
4092 32
4093 32
4094 32
4095 32
4096 32
4097 32
4098 32
4099 32
4100 32
4101 32
4102 32
4103 32
4104 32
4105 32
4106 32
4107 32
4108 32
4109 32
4110 32
4111 32
4112 32
4113 32
4114 32
4115 32
4116 32
4117 32
4118 32
4119 32
4120 32
4121 32
4122 32
4123 32
4124 32
4125 32
4126 32
4127 32
4128 32
4129 32
4130 32
4131 32
4132 32
4133 32
4134 32
4135 32
4136 32
4137 32
4138 32
4139 32
4140 32
4141 32
4142 32
4143 32
4144 32
4145 32
4146 32
4147 32
4148 32
4149 32
4150 32
4151 32
4152 32
4153 32
4154 32
4155 32
4156 32
4157 32
4158 32
4159 32
4160 32
4161 32
4162 32
4163 32
4164 32
4165 32
4166 32
4167 32
4168 32
4169 32
4170 32
4171 32
4172 32
4173 32
4174 32
4175 32
4176 32
4177 32
4178 32
4179 32
4180 32
4181 32
4182 32
4183 32
4184 32
4185 32
4186 32
4187 32
4188 32
4189 32
4190 32
4191 32
4192 32
4193 32
4194 32
4195 32
4196 32
4197 9
4198 9
4199 9
4200 9
4201 9
4202 9
4203 9
4204 9
4205 9
4206 9
4207 9
4208 9
4209 9
4210 9
4211 9
4212 9
4213 9
4214 9
4215 9
4216 9
4217 9
4218 9
4219 9
4220 9
4221 9
4222 9
4223 9
4224 9
4225 9
4226 9
4227 9
4228 9
4229 9
4230 9
4231 9
4232 9
4233 9
4234 9
4235 9
4236 9
4237 9
4238 9
4239 9
4240 9
4241 9
4242 9
4243 9
4244 9
4245 9
4246 9
4247 9
4248 9
4249 9
4250 9
4251 9
4252 9
4253 9
4254 9
4255 9
4256 9
4257 9
4258 9
4259 9
4260 9
4261 9
4262 9
4263 9
4264 9
4265 9
4266 9
4267 9
4268 9
4269 9
4270 9
4271 9
4272 9
4273 9
4274 9
4275 9
4276 9
4277 9
4278 9
4279 9
4280 9
4281 9
4282 9
4283 9
4284 9
4285 9
4286 9
4287 9
4288 9
4289 9
4290 9
4291 9
4292 9
4293 9
4294 9
4295 9
4296 9
4297 9
4298 9
4299 9
4300 9
4301 9
4302 9
4303 9
4304 9
4305 9
4306 9
4307 9
4308 9
4309 9
4310 9
4311 9
4312 9
4313 9
4314 9
4315 9
4316 9
4317 9
4318 9
4319 9
4320 9
4321 9
4322 9
4323 9
4324 9
4325 9
4326 9
4327 9
4328 9
4329 9
4330 9
4331 9
4332 9
4333 9
4334 9
4335 9
4336 9
4337 9
4338 9
4339 9
4340 9
4341 9
4342 9
4343 9
4344 9
4345 9
4346 9
4347 9
4348 9
4349 9
4350 9
4351 9
4352 9
4353 9
4354 9
4355 9
4356 9
4357 9
4358 9
4359 9
4360 9
4361 9
4362 9
4363 9
4364 9
4365 9
4366 9
4367 9
4368 9
4369 9
4370 9
4371 9
4372 9
4373 9
4374 23
4375 23
4376 23
4377 23
4378 23
4379 23
4380 23
4381 23
4382 23
4383 23
4384 23
4385 23
4386 23
4387 23
4388 23
4389 23
4390 23
4391 23
4392 23
4393 23
4394 23
4395 23
4396 23
4397 23
4398 23
4399 23
4400 23
4401 23
4402 23
4403 23
4404 23
4405 23
4406 23
4407 23
4408 23
4409 23
4410 23
4411 23
4412 23
4413 23
4414 23
4415 23
4416 23
4417 23
4418 23
4419 23
4420 23
4421 23
4422 23
4423 23
4424 23
4425 23
4426 23
4427 23
4428 23
4429 23
4430 23
4431 23
4432 23
4433 23
4434 36
4435 36
4436 36
4437 36
4438 36
4439 36
4440 36
4441 36
4442 36
4443 36
4444 36
4445 36
4446 36
4447 36
4448 36
4449 36
4450 36
4451 36
4452 36
4453 36
4454 36
4455 36
4456 36
4457 36
4458 36
4459 36
4460 36
4461 36
4462 36
4463 36
4464 36
4465 36
4466 36
4467 36
4468 36
4469 36
4470 36
4471 36
4472 36
4473 36
4474 36
4475 36
4476 36
4477 36
4478 36
4479 36
4480 36
4481 36
4482 36
4483 36
4484 36
4485 36
4486 36
4487 36
4488 36
4489 36
4490 36
4491 36
4492 36
4493 36
4494 36
4495 36
4496 36
4497 36
4498 36
4499 36
4500 36
4501 36
4502 36
4503 36
4504 36
4505 36
4506 36
4507 36
4508 36
4509 36
4510 36
4511 36
4512 36
4513 36
4514 36
4515 36
4516 36
4517 36
4518 36
4519 36
4520 36
4521 36
4522 36
4523 36
4524 36
4525 36
4526 36
4527 36
4528 36
4529 36
4530 36
4531 36
4532 36
4533 36
4534 36
4535 36
4536 36
4537 36
4538 36
4539 36
4540 36
4541 36
4542 36
4543 36
4544 36
4545 36
4546 36
4547 36
4548 36
4549 36
4550 36
4551 36
4552 36
4553 2
4554 2
4555 2
4556 2
4557 2
4558 2
4559 2
4560 2
4561 2
4562 2
4563 2
4564 2
4565 2
4566 2
4567 2
4568 2
4569 2
4570 2
4571 2
4572 2
4573 2
4574 2
4575 2
4576 2
4577 2
4578 2
4579 2
4580 2
4581 2
4582 2
4583 2
4584 2
4585 2
4586 2
4587 2
4588 2
4589 2
4590 2
4591 2
4592 2
4593 2
4594 2
4595 2
4596 2
4597 2
4598 2
4599 2
4600 2
4601 2
4602 2
4603 2
4604 2
4605 2
4606 2
4607 2
4608 2
4609 2
4610 2
4611 2
4612 2
4613 2
4614 2
4615 2
4616 2
4617 2
4618 2
4619 2
4620 2
4621 2
4622 2
4623 2
4624 2
4625 2
4626 2
4627 2
4628 2
4629 2
4630 2
4631 2
4632 2
4633 2
4634 2
4635 2
4636 2
4637 2
4638 2
4639 2
4640 2
4641 2
4642 2
4643 2
4644 2
4645 2
4646 2
4647 2
4648 2
4649 2
4650 2
4651 2
4652 2
4653 2
4654 2
4655 2
4656 2
4657 2
4658 2
4659 2
4660 2
4661 2
4662 2
4663 2
4664 2
4665 2
4666 2
4667 2
4668 2
4669 2
4670 2
4671 2
4672 2
4673 2
4674 2
4675 2
4676 2
4677 2
4678 2
4679 2
4680 2
4681 2
4682 2
4683 2
4684 2
4685 2
4686 2
4687 2
4688 2
4689 2
4690 2
4691 2
4692 2
4693 2
4694 2
4695 2
4696 2
4697 2
4698 2
4699 2
4700 2
4701 2
4702 2
4703 2
4704 2
4705 2
4706 2
4707 2
4708 2
4709 2
4710 2
4711 2
4712 2
4713 2
4714 2
4715 2
4716 2
4717 2
4718 2
4719 2
4720 2
4721 2
4722 2
4723 2
4724 2
4725 2
4726 2
4727 2
4728 2
4729 2
4730 2
4731 2
4732 2
4733 2
4734 2
4735 2
4736 2
4737 2
4738 2
4739 2
4740 2
4741 2
4742 2
4743 2
4744 2
4745 2
4746 2
4747 2
4748 2
4749 2
4750 2
4751 2
4752 2
4753 2
4754 2
4755 2
4756 2
4757 2
4758 2
4759 2
4760 2
4761 2
4762 2
4763 2
4764 2
4765 2
4766 2
4767 2
4768 2
4769 2
4770 2
4771 2
4772 2
4773 2
4774 2
4775 2
4776 2
4777 2
4778 2
4779 2
4780 2
4781 2
4782 2
4783 2
4784 2
4785 2
4786 2
4787 2
4788 2
4789 2
4790 2
4791 2
4792 2
4793 2
4794 2
4795 2
4796 2
4797 2
4798 2
4799 2
4800 2
4801 2
4802 2
4803 2
4804 2
4805 2
4806 2
4807 2
4808 2
4809 2
4810 2
4811 2
4812 2
4813 2
4814 2
4815 2
4816 2
4817 2
4818 2
4819 2
4820 2
4821 2
4822 2
4823 2
4824 2
4825 2
4826 2
4827 2
4828 2
4829 2
4830 2
4831 2
4832 2
4833 2
4834 2
4835 2
4836 2
4837 2
4838 2
4839 2
4840 2
4841 2
4842 2
4843 2
4844 2
4845 2
4846 2
4847 2
4848 2
4849 2
4850 2
4851 2
4852 2
4853 19
4854 19
4855 19
4856 19
4857 19
4858 19
4859 19
4860 19
4861 19
4862 19
4863 19
4864 19
4865 19
4866 19
4867 19
4868 19
4869 19
4870 19
4871 19
4872 19
4873 19
4874 19
4875 19
4876 19
4877 19
4878 19
4879 19
4880 19
4881 19
4882 19
4883 19
4884 19
4885 19
4886 19
4887 19
4888 19
4889 19
4890 19
4891 19
4892 19
4893 19
4894 19
4895 19
4896 19
4897 19
4898 19
4899 19
4900 19
4901 19
4902 19
4903 19
4904 19
4905 19
4906 1
4907 1
4908 1
4909 1
4910 1
4911 1
4912 1
4913 1
4914 1
4915 1
4916 1
4917 1
4918 1
4919 1
4920 1
4921 1
4922 1
4923 1
4924 1
4925 1
4926 1
4927 1
4928 1
4929 1
4930 1
4931 1
4932 1
4933 1
4934 1
4935 1
4936 1
4937 1
4938 1
4939 1
4940 1
4941 1
4942 1
4943 1
4944 1
4945 1
4946 1
4947 1
4948 1
4949 1
4950 1
4951 1
4952 1
4953 1
4954 1
4955 1
4956 1
4957 1
4958 1
4959 1
4960 1
4961 1
4962 1
4963 1
4964 1
4965 1
4966 14
4967 14
4968 14
4969 14
4970 14
4971 14
4972 14
4973 14
4974 14
4975 14
4976 14
4977 14
4978 14
4979 14
4980 14
4981 14
4982 14
4983 14
4984 14
4985 14
4986 14
4987 14
4988 14
4989 14
4990 14
4991 14
4992 14
4993 14
4994 14
4995 14
4996 14
4997 14
4998 14
4999 14
5000 14
5001 14
5002 14
5003 14
5004 14
5005 14
5006 14
5007 14
5008 14
5009 14
5010 14
5011 14
5012 14
5013 14
5014 14
5015 14
5016 14
5017 14
5018 14
5019 14
5020 14
5021 14
5022 14
5023 14
5024 14
5025 14
5026 4
5027 4
5028 4
5029 4
5030 4
5031 4
5032 4
5033 4
5034 4
5035 4
5036 4
5037 4
5038 4
5039 4
5040 4
5041 4
5042 4
5043 4
5044 4
5045 4
5046 4
5047 4
5048 4
5049 4
5050 4
5051 4
5052 4
5053 4
5054 4
5055 4
5056 4
5057 4
5058 4
5059 4
5060 4
5061 4
5062 4
5063 4
5064 4
5065 4
5066 4
5067 4
5068 4
5069 4
5070 4
5071 4
5072 4
5073 4
5074 4
5075 4
5076 4
5077 4
5078 4
5079 4
5080 4
5081 4
5082 4
5083 4
5084 4
5085 4
5086 16
5087 16
5088 16
5089 16
5090 16
5091 16
5092 16
5093 16
5094 16
5095 16
5096 16
5097 16
5098 16
5099 16
5100 16
5101 16
5102 16
5103 16
5104 16
5105 16
5106 16
5107 16
5108 16
5109 16
5110 16
5111 16
5112 16
5113 16
5114 16
5115 16
5116 16
5117 16
5118 16
5119 16
5120 16
5121 16
5122 16
5123 16
5124 16
5125 16
5126 16
5127 16
5128 16
5129 16
5130 16
5131 16
5132 16
5133 16
5134 16
5135 16
5136 16
5137 16
5138 16
5139 16
5140 16
5141 16
5142 16
5143 16
5144 16
5145 16
5146 4
5147 4
5148 4
5149 4
5150 4
5151 4
5152 4
5153 4
5154 4
5155 4
5156 4
5157 4
5158 4
5159 4
5160 4
5161 4
5162 4
5163 4
5164 4
5165 4
5166 4
5167 4
5168 4
5169 4
5170 4
5171 4
5172 4
5173 4
5174 4
5175 4
5176 4
5177 4
5178 4
5179 4
5180 4
5181 4
5182 4
5183 4
5184 4
5185 4
5186 4
5187 4
5188 4
5189 4
5190 4
5191 4
5192 4
5193 4
5194 4
5195 4
5196 4
5197 4
5198 4
5199 4
5200 4
5201 4
5202 4
5203 4
5204 4
5205 4
5206 4
5207 4
5208 4
5209 4
5210 4
5211 4
5212 4
5213 4
5214 4
5215 4
5216 4
5217 4
5218 4
5219 4
5220 4
5221 4
5222 4
5223 4
5224 4
5225 4
5226 4
5227 4
5228 4
5229 4
5230 4
5231 4
5232 4
5233 4
5234 4
5235 4
5236 4
5237 4
5238 4
5239 4
5240 4
5241 4
5242 4
5243 4
5244 4
5245 4
5246 4
5247 4
5248 4
5249 4
5250 4
5251 4
5252 4
5253 4
5254 4
5255 4
5256 4
5257 4
5258 4
5259 4
5260 4
5261 4
5262 4
5263 4
5264 4
5265 4
5266 20
5267 20
5268 20
5269 20
5270 20
5271 20
5272 20
5273 20
5274 20
5275 20
5276 20
5277 20
5278 20
5279 20
5280 20
5281 20
5282 20
5283 20
5284 20
5285 20
5286 20
5287 20
5288 20
5289 20
5290 20
5291 20
5292 20
5293 20
5294 20
5295 20
5296 20
5297 20
5298 20
5299 20
5300 20
5301 20
5302 20
5303 20
5304 20
5305 20
5306 20
5307 20
5308 20
5309 20
5310 20
5311 20
5312 20
5313 20
5314 20
5315 20
5316 20
5317 20
5318 20
5319 20
5320 20
5321 20
5322 20
5323 20
5324 20
5325 20
5326 6
5327 6
5328 6
5329 6
5330 6
5331 6
5332 6
5333 6
5334 6
5335 6
5336 6
5337 6
5338 6
5339 6
5340 6
5341 6
5342 6
5343 6
5344 6
5345 6
5346 6
5347 6
5348 6
5349 6
5350 6
5351 6
5352 6
5353 6
5354 6
5355 6
5356 6
5357 6
5358 6
5359 6
5360 6
5361 6
5362 6
5363 6
5364 6
5365 6
5366 6
5367 6
5368 6
5369 6
5370 6
5371 6
5372 6
5373 6
5374 6
5375 6
5376 6
5377 6
5378 6
5379 6
5380 6
5381 6
5382 6
5383 6
5384 6
5385 6
5386 9
5387 9
5388 9
5389 9
5390 9
5391 9
5392 9
5393 9
5394 9
5395 9
5396 9
5397 9
5398 9
5399 9
5400 9
5401 9
5402 9
5403 9
5404 9
5405 9
5406 9
5407 9
5408 9
5409 9
5410 9
5411 9
5412 9
5413 9
5414 9
5415 9
5416 9
5417 9
5418 9
5419 9
5420 9
5421 9
5422 9
5423 9
5424 9
5425 9
5426 9
5427 9
5428 9
5429 9
5430 9
5431 9
5432 9
5433 9
5434 9
5435 9
5436 9
5437 9
5438 9
5439 9
5440 9
5441 9
5442 9
5443 9
5444 9
5445 9
5446 31
5447 31
5448 31
5449 31
5450 31
5451 31
5452 31
5453 31
5454 31
5455 31
5456 31
5457 31
5458 31
5459 31
5460 31
5461 31
5462 31
5463 31
5464 31
5465 31
5466 31
5467 31
5468 31
5469 31
5470 31
5471 31
5472 31
5473 31
5474 31
5475 31
5476 31
5477 31
5478 31
5479 31
5480 31
5481 31
5482 31
5483 31
5484 31
5485 31
5486 31
5487 31
5488 31
5489 31
5490 31
5491 31
5492 31
5493 31
5494 31
5495 31
5496 31
5497 31
5498 31
5499 31
5500 31
5501 31
5502 31
5503 31
5504 31
5505 31
5506 16
5507 16
5508 16
5509 16
5510 16
5511 16
5512 16
5513 16
5514 16
5515 16
5516 16
5517 16
5518 16
5519 16
5520 16
5521 16
5522 16
5523 16
5524 16
5525 16
5526 16
5527 16
5528 16
5529 16
5530 16
5531 16
5532 16
5533 16
5534 16
5535 16
5536 16
5537 16
5538 16
5539 16
5540 16
5541 16
5542 16
5543 16
5544 16
5545 16
5546 16
5547 16
5548 16
5549 16
5550 16
5551 16
5552 16
5553 16
5554 16
5555 16
5556 16
5557 16
5558 16
5559 16
5560 16
5561 16
5562 16
5563 16
5564 16
5565 16
5566 16
5567 16
5568 16
5569 16
5570 16
5571 16
5572 16
5573 16
5574 16
5575 16
5576 16
5577 16
5578 16
5579 16
5580 16
5581 16
5582 16
5583 16
5584 16
5585 16
5586 16
5587 16
5588 16
5589 16
5590 16
5591 16
5592 16
5593 16
5594 16
5595 16
5596 16
5597 16
5598 16
5599 16
5600 16
5601 16
5602 16
5603 16
5604 16
5605 16
5606 16
5607 16
5608 16
5609 16
5610 16
5611 16
5612 16
5613 16
5614 16
5615 16
5616 16
5617 16
5618 16
5619 16
5620 16
5621 16
5622 16
5623 16
5624 16
5625 16
5626 16
5627 16
5628 16
5629 16
5630 16
5631 16
5632 16
5633 16
5634 16
5635 16
5636 16
5637 16
5638 16
5639 16
5640 16
5641 16
5642 16
5643 16
5644 16
5645 16
5646 16
5647 16
5648 16
5649 16
5650 16
5651 16
5652 16
5653 16
5654 16
5655 16
5656 16
5657 16
5658 16
5659 16
5660 16
5661 16
5662 16
5663 16
5664 16
5665 16
5666 16
5667 16
5668 16
5669 16
5670 16
5671 16
5672 16
5673 16
5674 16
5675 16
5676 16
5677 16
5678 16
5679 16
5680 16
5681 16
5682 16
5683 16
5684 16
5685 16
5686 16
5687 16
5688 16
5689 16
5690 16
5691 16
5692 16
5693 16
5694 16
5695 16
5696 16
5697 16
5698 16
5699 16
5700 16
5701 16
5702 16
5703 16
5704 16
5705 16
5706 16
5707 16
5708 16
5709 16
5710 16
5711 16
5712 16
5713 16
5714 16
5715 16
5716 16
5717 16
5718 16
5719 16
5720 16
5721 16
5722 16
5723 16
5724 16
5725 16
5726 16
5727 16
5728 16
5729 16
5730 16
5731 16
5732 16
5733 16
5734 16
5735 16
5736 16
5737 16
5738 16
5739 16
5740 16
5741 16
5742 16
5743 16
5744 16
5745 22
5746 22
5747 22
5748 22
5749 22
5750 22
5751 22
5752 22
5753 22
5754 22
5755 22
5756 22
5757 22
5758 22
5759 22
5760 22
5761 22
5762 22
5763 22
5764 22
5765 22
5766 22
5767 22
5768 22
5769 22
5770 22
5771 22
5772 22
5773 22
5774 22
5775 22
5776 22
5777 22
5778 22
5779 22
5780 22
5781 22
5782 22
5783 22
5784 22
5785 22
5786 22
5787 22
5788 22
5789 22
5790 22
5791 22
5792 22
5793 22
5794 22
5795 22
5796 22
5797 22
5798 22
5799 22
5800 22
5801 22
5802 22
5803 22
5804 22
5805 25
5806 25
5807 25
5808 25
5809 25
5810 25
5811 25
5812 25
5813 25
5814 25
5815 25
5816 25
5817 25
5818 25
5819 25
5820 25
5821 25
5822 25
5823 25
5824 25
5825 25
5826 25
5827 25
5828 25
5829 25
5830 25
5831 25
5832 25
5833 25
5834 25
5835 25
5836 25
5837 25
5838 25
5839 25
5840 25
5841 25
5842 25
5843 25
5844 25
5845 25
5846 25
5847 25
5848 25
5849 25
5850 25
5851 25
5852 25
5853 25
5854 25
5855 25
5856 25
5857 25
5858 25
5859 25
5860 25
5861 25
5862 25
5863 25
5864 25
5865 25
5866 25
5867 25
5868 25
5869 25
5870 25
5871 25
5872 25
5873 25
5874 25
5875 25
5876 25
5877 25
5878 25
5879 25
5880 25
5881 25
5882 25
5883 25
5884 25
5885 25
5886 25
5887 25
5888 25
5889 25
5890 25
5891 25
5892 25
5893 25
5894 25
5895 25
5896 25
5897 25
5898 25
5899 25
5900 25
5901 25
5902 25
5903 25
5904 25
5905 25
5906 25
5907 25
5908 25
5909 25
5910 25
5911 25
5912 25
5913 25
5914 25
5915 36
5916 36
5917 36
5918 36
5919 36
5920 36
5921 36
5922 36
5923 36
5924 36
5925 36
5926 36
5927 36
5928 36
5929 36
5930 36
5931 36
5932 36
5933 36
5934 36
5935 36
5936 36
5937 36
5938 36
5939 36
5940 36
5941 36
5942 36
5943 36
5944 36
5945 36
5946 36
5947 36
5948 36
5949 36
5950 36
5951 36
5952 36
5953 36
5954 36
5955 36
5956 36
5957 36
5958 36
5959 36
5960 36
5961 36
5962 36
5963 36
5964 36
5965 36
5966 36
5967 36
5968 36
5969 36
5970 36
5971 36
5972 36
5973 36
5974 36
5975 36
5976 36
5977 36
5978 36
5979 36
5980 36
5981 36
5982 36
5983 36
5984 36
5985 36
5986 36
5987 36
5988 36
5989 36
5990 36
5991 36
5992 36
5993 36
5994 36
5995 36
5996 36
5997 36
5998 36
5999 36
6000 36
6001 36
6002 36
6003 36
6004 36
6005 36
6006 36
6007 36
6008 36
6009 36
6010 36
6011 36
6012 36
6013 36
6014 36
6015 36
6016 36
6017 36
6018 36
6019 36
6020 36
6021 36
6022 36
6023 36
6024 36
6025 36
6026 36
6027 36
6028 36
6029 36
6030 36
6031 36
6032 36
6033 36
6034 36
6035 21
6036 21
6037 21
6038 21
6039 21
6040 21
6041 21
6042 21
6043 21
6044 21
6045 21
6046 21
6047 21
6048 21
6049 21
6050 21
6051 21
6052 21
6053 21
6054 21
6055 21
6056 21
6057 21
6058 21
6059 21
6060 21
6061 21
6062 21
6063 21
6064 21
6065 21
6066 21
6067 21
6068 21
6069 21
6070 21
6071 21
6072 21
6073 21
6074 21
6075 21
6076 21
6077 21
6078 21
6079 21
6080 21
6081 21
6082 21
6083 21
6084 21
6085 21
6086 21
6087 21
6088 21
6089 21
6090 21
6091 21
6092 21
6093 21
6094 21
6095 6
6096 6
6097 6
6098 6
6099 6
6100 6
6101 6
6102 6
6103 6
6104 6
6105 6
6106 6
6107 6
6108 6
6109 6
6110 6
6111 6
6112 6
6113 6
6114 6
6115 6
6116 6
6117 6
6118 6
6119 6
6120 6
6121 6
6122 6
6123 6
6124 6
6125 6
6126 6
6127 6
6128 6
6129 6
6130 6
6131 6
6132 6
6133 6
6134 6
6135 6
6136 6
6137 6
6138 6
6139 6
6140 6
6141 6
6142 6
6143 6
6144 3
6145 3
6146 3
6147 3
6148 3
6149 3
6150 3
6151 3
6152 3
6153 3
6154 3
6155 3
6156 3
6157 3
6158 3
6159 3
6160 3
6161 3
6162 3
6163 3
6164 3
6165 3
6166 3
6167 3
6168 3
6169 3
6170 3
6171 3
6172 3
6173 3
6174 3
6175 3
6176 3
6177 3
6178 3
6179 3
6180 3
6181 3
6182 3
6183 3
6184 3
6185 3
6186 3
6187 3
6188 3
6189 3
6190 3
6191 3
6192 3
6193 3
6194 3
6195 3
6196 3
6197 3
6198 3
6199 3
6200 3
6201 3
6202 3
6203 3
6204 9
6205 9
6206 9
6207 9
6208 9
6209 9
6210 9
6211 9
6212 9
6213 9
6214 9
6215 9
6216 9
6217 9
6218 9
6219 9
6220 9
6221 9
6222 9
6223 9
6224 9
6225 9
6226 9
6227 9
6228 9
6229 9
6230 9
6231 9
6232 9
6233 9
6234 9
6235 9
6236 9
6237 9
6238 9
6239 9
6240 9
6241 9
6242 9
6243 9
6244 9
6245 9
6246 9
6247 9
6248 9
6249 9
6250 9
6251 9
6252 9
6253 9
6254 9
6255 9
6256 9
6257 9
6258 9
6259 9
6260 9
6261 9
6262 9
6263 9
6264 9
6265 9
6266 9
6267 9
6268 9
6269 9
6270 9
6271 9
6272 9
6273 9
6274 9
6275 9
6276 9
6277 9
6278 9
6279 9
6280 9
6281 9
6282 9
6283 9
6284 9
6285 9
6286 9
6287 9
6288 9
6289 9
6290 9
6291 9
6292 9
6293 9
6294 9
6295 9
6296 9
6297 9
6298 9
6299 9
6300 9
6301 9
6302 9
6303 9
6304 9
6305 9
6306 9
6307 9
6308 9
6309 9
6310 9
6311 9
6312 9
6313 9
6314 9
6315 9
6316 9
6317 9
6318 9
6319 9
6320 9
6321 9
6322 9
6323 22
6324 22
6325 22
6326 22
6327 22
6328 22
6329 22
6330 22
6331 22
6332 22
6333 22
6334 22
6335 22
6336 22
6337 22
6338 22
6339 22
6340 22
6341 22
6342 22
6343 22
6344 22
6345 22
6346 22
6347 22
6348 22
6349 22
6350 22
6351 22
6352 22
6353 22
6354 22
6355 22
6356 22
6357 22
6358 22
6359 22
6360 22
6361 22
6362 22
6363 22
6364 22
6365 22
6366 22
6367 22
6368 22
6369 22
6370 22
6371 22
6372 22
6373 22
6374 22
6375 22
6376 22
6377 22
6378 22
6379 22
6380 22
6381 22
6382 22
6383 10
6384 10
6385 10
6386 10
6387 10
6388 10
6389 10
6390 10
6391 10
6392 10
6393 10
6394 10
6395 10
6396 10
6397 10
6398 10
6399 10
6400 10
6401 10
6402 10
6403 10
6404 10
6405 10
6406 10
6407 10
6408 10
6409 10
6410 10
6411 10
6412 10
6413 10
6414 10
6415 10
6416 10
6417 10
6418 10
6419 10
6420 10
6421 10
6422 10
6423 10
6424 10
6425 10
6426 10
6427 10
6428 10
6429 10
6430 10
6431 10
6432 10
6433 10
6434 10
6435 10
6436 10
6437 10
6438 10
6439 10
6440 10
6441 10
6442 10
6443 18
6444 18
6445 18
6446 18
6447 18
6448 18
6449 18
6450 18
6451 18
6452 18
6453 18
6454 18
6455 18
6456 18
6457 18
6458 18
6459 18
6460 18
6461 18
6462 18
6463 18
6464 18
6465 18
6466 18
6467 18
6468 18
6469 18
6470 18
6471 18
6472 18
6473 18
6474 18
6475 18
6476 18
6477 18
6478 18
6479 18
6480 18
6481 18
6482 18
6483 18
6484 18
6485 18
6486 18
6487 18
6488 18
6489 18
6490 18
6491 18
6492 18
6493 18
6494 18
6495 18
6496 18
6497 18
6498 18
6499 18
6500 18
6501 18
6502 18
6503 18
6504 18
6505 18
6506 18
6507 18
6508 18
6509 18
6510 18
6511 18
6512 18
6513 18
6514 18
6515 18
6516 18
6517 18
6518 18
6519 18
6520 18
6521 18
6522 18
6523 18
6524 18
6525 18
6526 18
6527 18
6528 18
6529 18
6530 18
6531 18
6532 18
6533 18
6534 18
6535 18
6536 18
6537 18
6538 18
6539 18
6540 18
6541 18
6542 18
6543 18
6544 18
6545 18
6546 18
6547 18
6548 18
6549 18
6550 18
6551 18
6552 18
6553 18
6554 18
6555 18
6556 18
6557 18
6558 18
6559 18
6560 18
6561 18
6562 18
6563 23
6564 23
6565 23
6566 23
6567 23
6568 23
6569 23
6570 23
6571 23
6572 23
6573 23
6574 23
6575 23
6576 23
6577 23
6578 23
6579 23
6580 23
6581 23
6582 23
6583 23
6584 23
6585 23
6586 23
6587 23
6588 23
6589 23
6590 23
6591 23
6592 23
6593 23
6594 23
6595 23
6596 23
6597 23
6598 23
6599 23
6600 23
6601 23
6602 23
6603 23
6604 23
6605 23
6606 23
6607 23
6608 23
6609 23
6610 23
6611 23
6612 23
6613 23
6614 23
6615 23
6616 23
6617 23
6618 23
6619 23
6620 23
6621 23
6622 23
6623 23
6624 23
6625 23
6626 23
6627 23
6628 23
6629 23
6630 23
6631 23
6632 23
6633 23
6634 23
6635 23
6636 23
6637 23
6638 23
6639 23
6640 23
6641 23
6642 23
6643 23
6644 23
6645 23
6646 23
6647 23
6648 23
6649 23
6650 23
6651 23
6652 23
6653 23
6654 23
6655 23
6656 23
6657 23
6658 23
6659 23
6660 23
6661 23
6662 23
6663 23
6664 23
6665 23
6666 23
6667 23
6668 23
6669 23
6670 23
6671 23
6672 23
6673 23
6674 23
6675 23
6676 23
6677 23
6678 23
6679 23
6680 23
6681 23
6682 23
6683 23
6684 23
6685 23
6686 23
6687 23
6688 23
6689 23
6690 23
6691 23
6692 23
6693 23
6694 23
6695 23
6696 23
6697 23
6698 23
6699 23
6700 23
6701 23
6702 23
6703 23
6704 23
6705 23
6706 23
6707 23
6708 23
6709 23
6710 23
6711 23
6712 23
6713 23
6714 23
6715 23
6716 23
6717 23
6718 23
6719 23
6720 23
6721 23
6722 23
6723 23
6724 23
6725 23
6726 23
6727 23
6728 23
6729 23
6730 23
6731 23
6732 23
6733 23
6734 23
6735 23
6736 23
6737 23
6738 23
6739 23
6740 23
6741 23
6742 23
6743 23
6744 23
6745 23
6746 23
6747 23
6748 23
6749 23
6750 23
6751 23
6752 23
6753 23
6754 23
6755 23
6756 23
6757 23
6758 23
6759 23
6760 23
6761 23
6762 23
6763 23
6764 23
6765 23
6766 23
6767 23
6768 23
6769 23
6770 23
6771 23
6772 23
6773 23
6774 23
6775 23
6776 23
6777 23
6778 23
6779 23
6780 23
6781 23
6782 23
6783 23
6784 23
6785 23
6786 23
6787 23
6788 23
6789 23
6790 23
6791 23
6792 23
6793 23
6794 23
6795 23
6796 23
6797 23
6798 23
6799 23
6800 23
6801 23
6802 23
6803 23
6804 23
6805 23
6806 23
6807 23
6808 23
6809 23
6810 23
6811 23
6812 23
6813 23
6814 23
6815 23
6816 23
6817 23
6818 23
6819 23
6820 23
6821 23
6822 23
6823 23
6824 23
6825 23
6826 23
6827 23
6828 23
6829 23
6830 23
6831 23
6832 23
6833 23
6834 23
6835 23
6836 23
6837 23
6838 23
6839 23
6840 23
6841 23
6842 23
6843 23
6844 23
6845 23
6846 23
6847 23
6848 23
6849 23
6850 23
6851 24
6852 24
6853 24
6854 24
6855 24
6856 24
6857 24
6858 24
6859 24
6860 24
6861 24
6862 24
6863 24
6864 24
6865 24
6866 24
6867 24
6868 24
6869 24
6870 24
6871 24
6872 24
6873 24
6874 24
6875 24
6876 24
6877 24
6878 24
6879 24
6880 24
6881 24
6882 24
6883 24
6884 24
6885 24
6886 24
6887 24
6888 24
6889 24
6890 24
6891 24
6892 24
6893 24
6894 24
6895 24
6896 24
6897 24
6898 24
6899 24
6900 24
6901 24
6902 24
6903 24
6904 24
6905 24
6906 24
6907 24
6908 24
6909 24
6910 24
6911 23
6912 23
6913 23
6914 23
6915 23
6916 23
6917 23
6918 23
6919 23
6920 23
6921 23
6922 23
6923 23
6924 23
6925 23
6926 23
6927 23
6928 23
6929 23
6930 23
6931 23
6932 23
6933 23
6934 23
6935 23
6936 23
6937 23
6938 23
6939 23
6940 23
6941 23
6942 23
6943 23
6944 23
6945 23
6946 23
6947 23
6948 23
6949 23
6950 23
6951 23
6952 23
6953 23
6954 23
6955 23
6956 23
6957 23
6958 23
6959 23
6960 23
6961 23
6962 23
6963 23
6964 23
6965 23
6966 23
6967 23
6968 23
6969 23
6970 23
6971 23
6972 23
6973 23
6974 23
6975 23
6976 23
6977 23
6978 23
6979 23
6980 23
6981 23
6982 23
6983 23
6984 23
6985 23
6986 23
6987 23
6988 23
6989 23
6990 23
6991 23
6992 23
6993 23
6994 23
6995 23
6996 23
6997 23
6998 23
6999 23
7000 23
7001 23
7002 23
7003 23
7004 23
7005 23
7006 23
7007 23
7008 23
7009 23
7010 23
7011 23
7012 23
7013 23
7014 23
7015 23
7016 23
7017 23
7018 23
7019 23
7020 23
7021 23
7022 23
7023 23
7024 23
7025 23
7026 23
7027 23
7028 23
7029 23
7030 23
7031 23
7032 23
7033 23
7034 23
7035 23
7036 23
7037 23
7038 23
7039 23
7040 23
7041 23
7042 23
7043 23
7044 23
7045 23
7046 23
7047 23
7048 23
7049 23
7050 23
7051 23
7052 23
7053 23
7054 23
7055 23
7056 23
7057 23
7058 23
7059 23
7060 23
7061 23
7062 23
7063 23
7064 23
7065 23
7066 23
7067 23
7068 23
7069 23
7070 23
7071 23
7072 23
7073 23
7074 23
7075 23
7076 23
7077 23
7078 23
7079 23
7080 23
7081 23
7082 23
7083 23
7084 23
7085 23
7086 23
7087 23
7088 23
7089 23
7090 23
7091 23
7092 23
7093 23
7094 23
7095 23
7096 23
7097 23
7098 23
7099 23
7100 23
7101 23
7102 23
7103 23
7104 23
7105 23
7106 23
7107 23
7108 23
7109 23
7110 23
7111 23
7112 23
7113 23
7114 23
7115 23
7116 23
7117 23
7118 23
7119 23
7120 23
7121 23
7122 23
7123 23
7124 23
7125 23
7126 23
7127 23
7128 23
7129 23
7130 23
7131 23
7132 23
7133 23
7134 23
7135 23
7136 23
7137 23
7138 23
7139 23
7140 23
7141 23
7142 23
7143 23
7144 23
7145 23
7146 23
7147 23
7148 23
7149 23
7150 23
7151 23
7152 23
7153 23
7154 23
7155 23
7156 23
7157 23
7158 23
7159 23
7160 23
7161 23
7162 23
7163 23
7164 23
7165 23
7166 23
7167 23
7168 23
7169 23
7170 23
7171 23
7172 23
7173 23
7174 23
7175 23
7176 23
7177 23
7178 23
7179 23
7180 23
7181 23
7182 23
7183 23
7184 23
7185 23
7186 23
7187 23
7188 23
7189 23
7190 23
7191 23
7192 23
7193 23
7194 23
7195 23
7196 23
7197 23
7198 23
7199 23
7200 23
7201 23
7202 23
7203 23
7204 23
7205 23
7206 23
7207 23
7208 23
7209 23
7210 23
7211 23
7212 23
7213 23
7214 23
7215 23
7216 23
7217 23
7218 23
7219 23
7220 23
7221 23
7222 23
7223 23
7224 23
7225 23
7226 23
7227 23
7228 23
7229 23
7230 23
7231 23
7232 23
7233 23
7234 23
7235 23
7236 23
7237 23
7238 23
7239 23
7240 23
7241 23
7242 23
7243 23
7244 23
7245 23
7246 23
7247 23
7248 23
7249 23
7250 23
7251 23
7252 23
7253 23
7254 23
7255 23
7256 23
7257 23
7258 23
7259 23
7260 23
7261 23
7262 23
7263 23
7264 23
7265 23
7266 23
7267 23
7268 23
7269 23
7270 23
7271 23
7272 23
7273 23
7274 23
7275 23
7276 23
7277 23
7278 23
7279 23
7280 23
7281 23
7282 23
7283 23
7284 23
7285 23
7286 23
7287 23
7288 23
7289 23
7290 23
7291 23
7292 23
7293 23
7294 23
7295 23
7296 23
7297 23
7298 23
7299 23
7300 23
7301 23
7302 23
7303 23
7304 23
7305 23
7306 23
7307 23
7308 23
7309 23
7310 23
7311 23
7312 23
7313 23
7314 23
7315 23
7316 23
7317 23
7318 23
7319 23
7320 23
7321 23
7322 23
7323 23
7324 23
7325 23
7326 23
7327 23
7328 23
7329 23
7330 23
7331 23
7332 23
7333 23
7334 23
7335 23
7336 23
7337 23
7338 23
7339 23
7340 23
7341 23
7342 23
7343 23
7344 23
7345 23
7346 23
7347 23
7348 23
7349 23
7350 23
7351 23
7352 23
7353 23
7354 23
7355 23
7356 23
7357 23
7358 23
7359 23
7360 23
7361 23
7362 23
7363 23
7364 23
7365 23
7366 23
7367 23
7368 23
7369 23
7370 23
7371 23
7372 23
7373 23
7374 23
7375 23
7376 23
7377 23
7378 23
7379 23
7380 23
7381 23
7382 23
7383 23
7384 23
7385 23
7386 23
7387 23
7388 23
7389 23
7390 23
7391 23
7392 23
7393 23
7394 23
7395 23
7396 23
7397 23
7398 23
7399 23
7400 23
7401 23
7402 23
7403 23
7404 23
7405 23
7406 23
7407 23
7408 23
7409 23
7410 23
7411 23
7412 23
7413 23
7414 23
7415 23
7416 23
7417 23
7418 23
7419 23
7420 23
7421 23
7422 23
7423 23
7424 23
7425 23
7426 23
7427 23
7428 23
7429 23
7430 23
7431 23
7432 23
7433 23
7434 23
7435 23
7436 23
7437 23
7438 23
7439 23
7440 23
7441 23
7442 23
7443 23
7444 23
7445 23
7446 23
7447 23
7448 23
7449 23
7450 23
7451 23
7452 23
7453 23
7454 23
7455 23
7456 23
7457 23
7458 23
7459 23
7460 23
7461 23
7462 23
7463 23
7464 23
7465 23
7466 23
7467 23
7468 23
7469 23
7470 23
7471 23
7472 23
7473 23
7474 23
7475 23
7476 23
7477 23
7478 23
7479 23
7480 23
7481 23
7482 23
7483 23
7484 23
7485 23
7486 23
7487 23
7488 23
7489 23
7490 23
7491 23
7492 23
7493 23
7494 23
7495 23
7496 23
7497 23
7498 23
7499 23
7500 23
7501 23
7502 23
7503 23
7504 23
7505 23
7506 23
7507 23
7508 23
7509 23
7510 23
7511 23
7512 23
7513 23
7514 23
7515 23
7516 23
7517 23
7518 23
7519 23
7520 23
7521 23
7522 23
7523 23
7524 23
7525 23
7526 23
7527 23
7528 23
7529 23
7530 23
7531 23
7532 23
7533 23
7534 23
7535 23
7536 23
7537 23
7538 23
7539 23
7540 23
7541 23
7542 23
7543 23
7544 23
7545 23
7546 23
7547 23
7548 23
7549 23
7550 23
7551 23
7552 23
7553 23
7554 23
7555 23
7556 23
7557 23
7558 23
7559 23
7560 23
7561 23
7562 23
7563 23
7564 23
7565 23
7566 23
7567 23
7568 23
7569 23
7570 23
7571 23
7572 23
7573 23
7574 23
7575 23
7576 23
7577 23
7578 23
7579 23
7580 23
7581 23
7582 23
7583 23
7584 23
7585 23
7586 23
7587 23
7588 23
7589 23
7590 23
7591 23
7592 23
7593 23
7594 23
7595 23
7596 23
7597 23
7598 23
7599 23
7600 23
7601 23
7602 23
7603 23
7604 23
7605 23
7606 23
7607 23
7608 23
7609 23
7610 23
7611 23
7612 23
7613 23
7614 23
7615 23
7616 23
7617 23
7618 23
7619 23
7620 23
7621 23
7622 23
7623 23
7624 23
7625 23
7626 23
7627 23
7628 23
7629 23
7630 23
7631 23
7632 23
7633 23
7634 23
7635 23
7636 23
7637 23
7638 23
7639 23
7640 23
7641 23
7642 23
7643 23
7644 23
7645 23
7646 23
7647 23
7648 23
7649 23
7650 23
7651 23
7652 23
7653 23
7654 23
7655 23
7656 23
7657 23
7658 23
7659 23
7660 23
7661 23
7662 23
7663 23
7664 23
7665 23
7666 23
7667 23
7668 23
7669 23
7670 23
7671 23
7672 23
7673 23
7674 23
7675 23
7676 23
7677 23
7678 23
7679 23
7680 23
7681 23
7682 23
7683 23
7684 23
7685 23
7686 23
7687 23
7688 23
7689 23
7690 23
7691 23
7692 23
7693 23
7694 23
7695 23
7696 23
7697 23
7698 23
7699 23
7700 23
7701 23
7702 23
7703 23
7704 23
7705 23
7706 23
7707 23
7708 23
7709 23
7710 23
7711 23
7712 23
7713 23
7714 23
7715 23
7716 23
7717 23
7718 23
7719 23
7720 23
7721 23
7722 23
7723 23
7724 23
7725 23
7726 23
7727 23
7728 23
7729 23
7730 23
7731 23
7732 23
7733 23
7734 23
7735 23
7736 23
7737 23
7738 23
7739 23
7740 23
7741 23
7742 23
7743 23
7744 23
7745 23
7746 23
7747 23
7748 23
7749 23
7750 23
7751 23
7752 23
7753 23
7754 23
7755 23
7756 23
7757 23
7758 23
7759 23
7760 23
7761 23
7762 23
7763 23
7764 23
7765 23
7766 23
7767 23
7768 23
7769 23
7770 23
7771 23
7772 23
7773 23
7774 23
7775 23
7776 23
7777 23
7778 23
7779 23
7780 23
7781 23
7782 23
7783 23
7784 23
7785 23
7786 23
7787 23
7788 23
7789 23
7790 23
7791 23
7792 23
7793 23
7794 23
7795 23
7796 23
7797 23
7798 23
7799 23
7800 23
7801 23
7802 23
7803 23
7804 23
7805 23
7806 23
7807 33
7808 33
7809 33
7810 33
7811 33
7812 33
7813 33
7814 33
7815 33
7816 33
7817 33
7818 33
7819 33
7820 33
7821 33
7822 33
7823 33
7824 33
7825 33
7826 33
7827 33
7828 33
7829 33
7830 33
7831 33
7832 33
7833 33
7834 33
7835 33
7836 33
7837 33
7838 33
7839 33
7840 33
7841 33
7842 33
7843 33
7844 33
7845 33
7846 33
7847 33
7848 33
7849 33
7850 33
7851 33
7852 33
7853 33
7854 33
7855 33
7856 33
7857 33
7858 33
7859 33
7860 33
7861 33
7862 33
7863 33
7864 33
7865 33
7866 33
7867 15
7868 15
7869 15
7870 15
7871 15
7872 15
7873 15
7874 15
7875 15
7876 15
7877 15
7878 15
7879 15
7880 15
7881 15
7882 15
7883 15
7884 15
7885 15
7886 15
7887 15
7888 15
7889 15
7890 15
7891 15
7892 15
7893 15
7894 15
7895 15
7896 15
7897 15
7898 15
7899 15
7900 15
7901 15
7902 15
7903 15
7904 15
7905 15
7906 15
7907 15
7908 15
7909 15
7910 15
7911 15
7912 15
7913 15
7914 15
7915 15
7916 15
7917 15
7918 15
7919 15
7920 15
7921 15
7922 15
7923 15
7924 15
7925 15
7926 15
7927 15
7928 15
7929 15
7930 15
7931 15
7932 15
7933 15
7934 15
7935 15
7936 15
7937 15
7938 15
7939 15
7940 15
7941 15
7942 15
7943 15
7944 15
7945 15
7946 15
7947 15
7948 15
7949 15
7950 15
7951 15
7952 15
7953 15
7954 15
7955 15
7956 15
7957 15
7958 15
7959 15
7960 15
7961 15
7962 15
7963 15
7964 15
7965 15
7966 15
7967 15
7968 15
7969 15
7970 15
7971 15
7972 15
7973 15
7974 15
7975 15
7976 15
7977 15
7978 15
7979 15
7980 15
7981 15
7982 15
7983 15
7984 15
7985 15
7986 15
7987 15
7988 15
7989 15
7990 15
7991 15
7992 15
7993 15
7994 15
7995 15
7996 15
7997 15
7998 15
7999 15
8000 15
8001 15
8002 15
8003 15
8004 15
8005 15
8006 15
8007 15
8008 15
8009 15
8010 15
8011 15
8012 15
8013 15
8014 15
8015 15
8016 15
8017 15
8018 15
8019 15
8020 15
8021 15
8022 15
8023 15
8024 15
8025 15
8026 15
8027 15
8028 15
8029 15
8030 15
8031 15
8032 15
8033 15
8034 15
8035 15
8036 15
8037 15
8038 15
8039 15
8040 15
8041 15
8042 15
8043 15
8044 15
8045 15
8046 15
8047 15
8048 15
8049 15
8050 15
8051 15
8052 15
8053 15
8054 15
8055 15
8056 15
8057 15
8058 15
8059 15
8060 15
8061 15
8062 15
8063 15
8064 15
8065 15
8066 15
8067 15
8068 15
8069 15
8070 15
8071 15
8072 15
8073 15
8074 15
8075 15
8076 15
8077 15
8078 15
8079 15
8080 15
8081 15
8082 15
8083 15
8084 15
8085 15
8086 15
8087 15
8088 15
8089 15
8090 15
8091 15
8092 15
8093 15
8094 15
8095 15
8096 15
8097 15
8098 15
8099 15
8100 15
8101 15
8102 15
8103 15
8104 15
8105 15
8106 7
8107 7
8108 7
8109 7
8110 7
8111 7
8112 7
8113 7
8114 7
8115 7
8116 7
8117 7
8118 7
8119 7
8120 7
8121 7
8122 7
8123 7
8124 7
8125 7
8126 7
8127 7
8128 7
8129 7
8130 7
8131 7
8132 7
8133 7
8134 7
8135 7
8136 7
8137 7
8138 7
8139 7
8140 7
8141 7
8142 7
8143 7
8144 7
8145 7
8146 7
8147 7
8148 7
8149 7
8150 7
8151 7
8152 7
8153 7
8154 7
8155 7
8156 7
8157 7
8158 7
8159 7
8160 7
8161 7
8162 7
8163 7
8164 7
8165 7
8166 7
8167 7
8168 7
8169 7
8170 7
8171 7
8172 7
8173 7
8174 7
8175 7
8176 7
8177 7
8178 7
8179 7
8180 7
8181 7
8182 7
8183 7
8184 7
8185 7
8186 7
8187 7
8188 7
8189 7
8190 7
8191 7
8192 7
8193 7
8194 7
8195 7
8196 7
8197 7
8198 7
8199 7
8200 7
8201 7
8202 7
8203 7
8204 7
8205 7
8206 7
8207 7
8208 7
8209 7
8210 7
8211 7
8212 7
8213 7
8214 7
8215 7
8216 7
8217 7
8218 7
8219 7
8220 7
8221 7
8222 7
8223 7
8224 7
8225 7
8226 19
8227 19
8228 19
8229 19
8230 19
8231 19
8232 19
8233 19
8234 19
8235 19
8236 19
8237 19
8238 19
8239 19
8240 19
8241 19
8242 19
8243 19
8244 19
8245 19
8246 19
8247 19
8248 19
8249 19
8250 19
8251 19
8252 19
8253 19
8254 19
8255 19
8256 19
8257 19
8258 19
8259 19
8260 19
8261 19
8262 19
8263 19
8264 19
8265 19
8266 19
8267 19
8268 19
8269 19
8270 19
8271 19
8272 19
8273 19
8274 19
8275 19
8276 19
8277 19
8278 19
8279 19
8280 19
8281 19
8282 19
8283 19
8284 19
8285 19
8286 19
8287 19
8288 19
8289 19
8290 19
8291 19
8292 19
8293 19
8294 19
8295 19
8296 19
8297 19
8298 19
8299 19
8300 19
8301 19
8302 19
8303 19
8304 19
8305 19
8306 19
8307 19
8308 19
8309 19
8310 19
8311 19
8312 19
8313 19
8314 19
8315 19
8316 19
8317 19
8318 19
8319 19
8320 19
8321 19
8322 19
8323 19
8324 19
8325 19
8326 19
8327 19
8328 19
8329 19
8330 19
8331 19
8332 19
8333 19
8334 19
8335 19
8336 19
8337 19
8338 19
8339 19
8340 19
8341 19
8342 19
8343 19
8344 19
8345 19
8346 19
8347 19
8348 19
8349 19
8350 19
8351 19
8352 19
8353 19
8354 19
8355 19
8356 19
8357 19
8358 19
8359 19
8360 19
8361 19
8362 19
8363 19
8364 19
8365 19
8366 19
8367 19
8368 19
8369 19
8370 19
8371 19
8372 19
8373 19
8374 19
8375 19
8376 19
8377 19
8378 19
8379 19
8380 19
8381 19
8382 19
8383 19
8384 19
8385 19
8386 19
8387 19
8388 19
8389 19
8390 19
8391 19
8392 19
8393 19
8394 19
8395 19
8396 19
8397 19
8398 19
8399 19
8400 19
8401 19
8402 19
8403 19
8404 19
8405 19
8406 19
8407 19
8408 19
8409 19
8410 19
8411 19
8412 19
8413 19
8414 19
8415 19
8416 19
8417 19
8418 19
8419 19
8420 19
8421 19
8422 19
8423 19
8424 19
8425 19
8426 19
8427 19
8428 19
8429 19
8430 19
8431 19
8432 19
8433 19
8434 19
8435 19
8436 19
8437 19
8438 19
8439 19
8440 19
8441 19
8442 19
8443 19
8444 19
8445 19
8446 19
8447 19
8448 19
8449 19
8450 19
8451 19
8452 19
8453 19
8454 19
8455 19
8456 19
8457 19
8458 19
8459 19
8460 19
8461 19
8462 19
8463 19
8464 19
8465 19
8466 19
8467 19
8468 19
8469 19
8470 19
8471 19
8472 19
8473 19
8474 19
8475 19
8476 19
8477 19
8478 19
8479 19
8480 19
8481 19
8482 19
8483 19
8484 19
8485 19
8486 19
8487 19
8488 19
8489 19
8490 19
8491 19
8492 19
8493 19
8494 19
8495 19
8496 19
8497 19
8498 19
8499 19
8500 19
8501 19
8502 19
8503 19
8504 19
8505 19
8506 19
8507 19
8508 19
8509 19
8510 19
8511 19
8512 19
8513 19
8514 19
8515 19
8516 19
8517 19
8518 19
8519 19
8520 19
8521 19
8522 19
8523 19
8524 19
8525 19
8526 19
8527 19
8528 19
8529 19
8530 19
8531 19
8532 19
8533 19
8534 19
8535 19
8536 19
8537 19
8538 19
8539 19
8540 19
8541 19
8542 19
8543 19
8544 19
8545 19
8546 19
8547 19
8548 19
8549 19
8550 19
8551 19
8552 19
8553 19
8554 19
8555 19
8556 19
8557 19
8558 19
8559 19
8560 19
8561 19
8562 19
8563 19
8564 19
8565 19
8566 19
8567 19
8568 19
8569 19
8570 19
8571 19
8572 19
8573 19
8574 19
8575 19
8576 19
8577 19
8578 19
8579 19
8580 19
8581 19
8582 19
8583 19
8584 19
8585 19
8586 19
8587 19
8588 19
8589 19
8590 19
8591 19
8592 19
8593 19
8594 19
8595 19
8596 19
8597 19
8598 19
8599 19
8600 19
8601 19
8602 19
8603 19
8604 19
8605 19
8606 19
8607 19
8608 19
8609 19
8610 19
8611 19
8612 19
8613 19
8614 19
8615 19
8616 19
8617 19
8618 19
8619 19
8620 19
8621 19
8622 19
8623 19
8624 19
8625 19
8626 19
8627 19
8628 19
8629 19
8630 19
8631 19
8632 19
8633 19
8634 19
8635 19
8636 19
8637 19
8638 19
8639 19
8640 19
8641 19
8642 19
8643 19
8644 23
8645 23
8646 23
8647 23
8648 23
8649 23
8650 23
8651 23
8652 23
8653 23
8654 23
8655 23
8656 23
8657 23
8658 23
8659 23
8660 23
8661 23
8662 23
8663 23
8664 23
8665 23
8666 23
8667 23
8668 23
8669 23
8670 23
8671 23
8672 23
8673 23
8674 23
8675 23
8676 23
8677 23
8678 23
8679 23
8680 23
8681 23
8682 23
8683 23
8684 23
8685 23
8686 23
8687 23
8688 23
8689 23
8690 23
8691 23
8692 23
8693 23
8694 23
8695 23
8696 23
8697 23
8698 23
8699 23
8700 23
8701 23
8702 23
8703 23
8704 20
8705 20
8706 20
8707 20
8708 20
8709 20
8710 20
8711 20
8712 20
8713 20
8714 20
8715 20
8716 20
8717 20
8718 20
8719 20
8720 20
8721 20
8722 20
8723 20
8724 20
8725 20
8726 20
8727 20
8728 20
8729 20
8730 20
8731 20
8732 20
8733 20
8734 20
8735 20
8736 20
8737 20
8738 20
8739 20
8740 20
8741 20
8742 20
8743 20
8744 20
8745 20
8746 20
8747 20
8748 20
8749 20
8750 20
8751 20
8752 20
8753 20
8754 20
8755 20
8756 20
8757 20
8758 20
8759 20
8760 20
8761 20
8762 20
8763 20
8764 20
8765 20
8766 20
8767 20
8768 20
8769 20
8770 20
8771 20
8772 20
8773 20
8774 20
8775 20
8776 20
8777 20
8778 20
8779 20
8780 20
8781 20
8782 20
8783 20
8784 20
8785 20
8786 20
8787 20
8788 20
8789 20
8790 20
8791 20
8792 20
8793 20
8794 20
8795 20
8796 20
8797 20
8798 20
8799 20
8800 20
8801 20
8802 20
8803 20
8804 20
8805 20
8806 20
8807 20
8808 20
8809 20
8810 20
8811 20
8812 20
8813 20
8814 20
8815 20
8816 20
8817 20
8818 20
8819 20
8820 20
8821 20
8822 20
8823 37
8824 37
8825 37
8826 37
8827 37
8828 37
8829 37
8830 37
8831 37
8832 37
8833 37
8834 37
8835 37
8836 37
8837 37
8838 37
8839 37
8840 37
8841 37
8842 37
8843 37
8844 37
8845 37
8846 37
8847 37
8848 37
8849 37
8850 37
8851 37
8852 37
8853 37
8854 37
8855 37
8856 37
8857 37
8858 37
8859 37
8860 37
8861 37
8862 37
8863 37
8864 37
8865 37
8866 37
8867 37
8868 37
8869 37
8870 37
8871 37
8872 37
8873 37
8874 37
8875 37
8876 37
8877 37
8878 37
8879 37
8880 37
8881 37
8882 37
8883 37
8884 37
8885 37
8886 37
8887 37
8888 37
8889 37
8890 37
8891 37
8892 37
8893 37
8894 37
8895 37
8896 37
8897 37
8898 37
8899 37
8900 37
8901 37
8902 37
8903 37
8904 37
8905 37
8906 37
8907 37
8908 37
8909 37
8910 37
8911 37
8912 37
8913 37
8914 37
8915 37
8916 37
8917 37
8918 37
8919 37
8920 37
8921 37
8922 37
8923 37
8924 37
8925 37
8926 37
8927 37
8928 37
8929 37
8930 37
8931 37
8932 37
8933 37
8934 37
8935 37
8936 37
8937 37
8938 37
8939 37
8940 37
8941 37
8942 37
8943 37
8944 37
8945 37
8946 37
8947 37
8948 37
8949 37
8950 37
8951 37
8952 37
8953 37
8954 37
8955 37
8956 37
8957 37
8958 37
8959 37
8960 37
8961 37
8962 37
8963 37
8964 37
8965 37
8966 37
8967 37
8968 37
8969 37
8970 37
8971 37
8972 37
8973 37
8974 37
8975 37
8976 37
8977 37
8978 37
8979 37
8980 37
8981 37
8982 37
8983 37
8984 37
8985 37
8986 37
8987 37
8988 37
8989 37
8990 37
8991 37
8992 37
8993 37
8994 37
8995 37
8996 37
8997 37
8998 37
8999 37
9000 37
9001 37
9002 37
9003 37
9004 37
9005 37
9006 37
9007 37
9008 37
9009 37
9010 37
9011 37
9012 37
9013 37
9014 37
9015 37
9016 37
9017 37
9018 37
9019 37
9020 37
9021 37
9022 37
9023 37
9024 37
9025 37
9026 37
9027 37
9028 37
9029 37
9030 37
9031 37
9032 37
9033 37
9034 37
9035 37
9036 37
9037 37
9038 37
9039 37
9040 37
9041 37
9042 37
9043 37
9044 37
9045 37
9046 37
9047 37
9048 37
9049 37
9050 37
9051 37
9052 37
9053 37
9054 37
9055 37
9056 37
9057 37
9058 37
9059 37
9060 37
9061 37
9062 37
9063 37
9064 37
9065 37
9066 37
9067 37
9068 37
9069 37
9070 37
9071 37
9072 37
9073 37
9074 37
9075 37
9076 37
9077 37
9078 37
9079 37
9080 37
9081 37
9082 37
9083 37
9084 37
9085 37
9086 37
9087 37
9088 37
9089 37
9090 37
9091 37
9092 37
9093 37
9094 37
9095 37
9096 37
9097 37
9098 37
9099 37
9100 37
9101 37
9102 37
9103 37
9104 37
9105 37
9106 37
9107 37
9108 37
9109 37
9110 37
9111 37
9112 37
9113 37
9114 37
9115 37
9116 37
9117 37
9118 37
9119 37
9120 37
9121 37
9122 37
9123 37
9124 37
9125 37
9126 37
9127 37
9128 37
9129 37
9130 37
9131 37
9132 37
9133 37
9134 37
9135 37
9136 37
9137 37
9138 37
9139 37
9140 37
9141 37
9142 37
9143 37
9144 37
9145 37
9146 37
9147 37
9148 37
9149 37
9150 37
9151 37
9152 37
9153 37
9154 37
9155 37
9156 37
9157 37
9158 37
9159 37
9160 37
9161 37
9162 37
9163 37
9164 37
9165 37
9166 37
9167 37
9168 37
9169 37
9170 37
9171 37
9172 37
9173 37
9174 37
9175 37
9176 37
9177 37
9178 37
9179 37
9180 37
9181 37
9182 37
9183 37
9184 37
9185 37
9186 37
9187 37
9188 37
9189 37
9190 37
9191 37
9192 37
9193 37
9194 37
9195 37
9196 37
9197 37
9198 37
9199 37
9200 37
9201 37
9202 37
9203 37
9204 37
9205 37
9206 37
9207 37
9208 37
9209 37
9210 37
9211 37
9212 37
9213 37
9214 37
9215 37
9216 37
9217 37
9218 37
9219 37
9220 37
9221 37
9222 37
9223 37
9224 37
9225 37
9226 37
9227 37
9228 37
9229 37
9230 37
9231 37
9232 22
9233 22
9234 22
9235 22
9236 22
9237 22
9238 22
9239 22
9240 22
9241 22
9242 22
9243 22
9244 22
9245 22
9246 22
9247 22
9248 22
9249 22
9250 22
9251 22
9252 22
9253 22
9254 22
9255 22
9256 22
9257 22
9258 22
9259 22
9260 22
9261 22
9262 22
9263 22
9264 22
9265 22
9266 22
9267 22
9268 22
9269 22
9270 22
9271 22
9272 22
9273 22
9274 22
9275 22
9276 22
9277 22
9278 22
9279 22
9280 22
9281 22
9282 22
9283 22
9284 22
9285 22
9286 22
9287 22
9288 22
9289 22
9290 22
9291 22
9292 22
9293 22
9294 22
9295 22
9296 22
9297 22
9298 22
9299 22
9300 22
9301 22
9302 22
9303 22
9304 22
9305 22
9306 22
9307 22
9308 22
9309 22
9310 22
9311 22
9312 22
9313 22
9314 22
9315 22
9316 22
9317 22
9318 22
9319 22
9320 22
9321 22
9322 22
9323 22
9324 22
9325 22
9326 22
9327 22
9328 22
9329 22
9330 22
9331 22
9332 22
9333 22
9334 22
9335 22
9336 22
9337 22
9338 22
9339 22
9340 22
9341 22
9342 22
9343 22
9344 22
9345 22
9346 22
9347 22
9348 22
9349 22
9350 22
9351 22
9352 22
9353 22
9354 22
9355 22
9356 22
9357 22
9358 22
9359 22
9360 22
9361 22
9362 22
9363 22
9364 22
9365 22
9366 22
9367 22
9368 22
9369 22
9370 22
9371 22
9372 22
9373 22
9374 22
9375 22
9376 22
9377 22
9378 22
9379 22
9380 22
9381 22
9382 22
9383 22
9384 22
9385 22
9386 22
9387 22
9388 22
9389 22
9390 22
9391 22
9392 22
9393 22
9394 22
9395 22
9396 22
9397 22
9398 22
9399 22
9400 22
9401 22
9402 22
9403 22
9404 22
9405 22
9406 22
9407 22
9408 22
9409 22
9410 22
9411 22
9412 22
9413 22
9414 22
9415 22
9416 22
9417 22
9418 22
9419 22
9420 22
9421 22
9422 22
9423 22
9424 22
9425 22
9426 22
9427 22
9428 22
9429 22
9430 22
9431 22
9432 22
9433 22
9434 22
9435 22
9436 22
9437 22
9438 22
9439 22
9440 22
9441 22
9442 22
9443 22
9444 22
9445 22
9446 22
9447 22
9448 22
9449 22
9450 22
9451 22
9452 22
9453 22
9454 22
9455 22
9456 22
9457 22
9458 22
9459 22
9460 22
9461 22
9462 22
9463 22
9464 22
9465 22
9466 22
9467 22
9468 22
9469 22
9470 22
9471 22
9472 22
9473 22
9474 22
9475 22
9476 22
9477 22
9478 22
9479 22
9480 22
9481 22
9482 22
9483 22
9484 22
9485 22
9486 22
9487 22
9488 22
9489 22
9490 22
9491 22
9492 22
9493 22
9494 22
9495 22
9496 22
9497 22
9498 22
9499 22
9500 22
9501 22
9502 22
9503 22
9504 22
9505 22
9506 22
9507 22
9508 22
9509 22
9510 22
9511 22
9512 22
9513 22
9514 22
9515 22
9516 22
9517 22
9518 22
9519 22
9520 22
9521 22
9522 22
9523 22
9524 22
9525 22
9526 22
9527 22
9528 22
9529 22
9530 22
9531 22
9532 22
9533 22
9534 22
9535 22
9536 22
9537 22
9538 22
9539 22
9540 22
9541 22
9542 22
9543 22
9544 22
9545 22
9546 22
9547 22
9548 22
9549 22
9550 22
9551 22
9552 22
9553 22
9554 22
9555 22
9556 22
9557 22
9558 22
9559 22
9560 22
9561 22
9562 22
9563 22
9564 22
9565 22
9566 22
9567 22
9568 22
9569 22
9570 22
9571 22
9572 22
9573 22
9574 22
9575 22
9576 22
9577 22
9578 22
9579 22
9580 22
9581 22
9582 22
9583 22
9584 22
9585 22
9586 22
9587 22
9588 22
9589 22
9590 22
9591 22
9592 22
9593 22
9594 22
9595 22
9596 22
9597 22
9598 22
9599 22
9600 22
9601 22
9602 22
9603 22
9604 22
9605 22
9606 22
9607 22
9608 22
9609 22
9610 22
9611 22
9612 22
9613 22
9614 22
9615 22
9616 22
9617 22
9618 22
9619 22
9620 22
9621 22
9622 22
9623 22
9624 22
9625 22
9626 22
9627 22
9628 22
9629 22
9630 22
9631 22
9632 22
9633 22
9634 22
9635 22
9636 22
9637 22
9638 22
9639 22
9640 22
9641 22
9642 22
9643 22
9644 22
9645 22
9646 22
9647 22
9648 22
9649 22
9650 22
9651 22
9652 22
9653 22
9654 22
9655 22
9656 22
9657 22
9658 22
9659 22
9660 22
9661 22
9662 22
9663 22
9664 22
9665 22
9666 22
9667 22
9668 22
9669 22
9670 22
9671 22
9672 22
9673 22
9674 22
9675 22
9676 22
9677 22
9678 22
9679 22
9680 22
9681 22
9682 22
9683 22
9684 22
9685 22
9686 22
9687 22
9688 22
9689 22
9690 22
9691 22
9692 22
9693 22
9694 22
9695 22
9696 22
9697 22
9698 22
9699 22
9700 22
9701 22
9702 22
9703 22
9704 22
9705 22
9706 22
9707 22
9708 22
9709 22
9710 22
9711 22
9712 22
9713 22
9714 22
9715 22
9716 22
9717 22
9718 22
9719 22
9720 22
9721 22
9722 22
9723 22
9724 22
9725 22
9726 22
9727 22
9728 22
9729 22
9730 22
9731 22
9732 22
9733 22
9734 22
9735 22
9736 22
9737 22
9738 22
9739 22
9740 22
9741 22
9742 22
9743 22
9744 22
9745 22
9746 22
9747 22
9748 22
9749 22
9750 22
9751 22
9752 22
9753 22
9754 22
9755 22
9756 22
9757 22
9758 22
9759 22
9760 22
9761 22
9762 22
9763 22
9764 22
9765 22
9766 22
9767 22
9768 22
9769 22
9770 22
9771 22
9772 22
9773 22
9774 22
9775 22
9776 22
9777 22
9778 22
9779 22
9780 22
9781 22
9782 22
9783 22
9784 22
9785 22
9786 22
9787 22
9788 22
9789 22
9790 22
9791 22
9792 22
9793 22
9794 22
9795 22
9796 22
9797 22
9798 22
9799 22
9800 22
9801 22
9802 22
9803 22
9804 22
9805 22
9806 22
9807 22
9808 22
9809 22
9810 22
9811 22
9812 22
9813 22
9814 22
9815 22
9816 22
9817 22
9818 22
9819 22
9820 22
9821 22
9822 22
9823 22
9824 22
9825 22
9826 22
9827 22
9828 22
9829 22
9830 22
9831 22
9832 22
9833 22
9834 22
9835 22
9836 22
9837 22
9838 22
9839 22
9840 22
9841 22
9842 22
9843 22
9844 22
9845 22
9846 22
9847 22
9848 22
9849 22
9850 22
9851 22
9852 22
9853 22
9854 22
9855 22
9856 22
9857 22
9858 22
9859 22
9860 22
9861 22
9862 22
9863 22
9864 22
9865 22
9866 22
9867 22
9868 22
9869 22
9870 22
9871 22
9872 22
9873 22
9874 22
9875 22
9876 22
9877 22
9878 22
9879 22
9880 22
9881 22
9882 22
9883 22
9884 22
9885 22
9886 22
9887 22
9888 22
9889 22
9890 22
9891 22
9892 22
9893 22
9894 22
9895 22
9896 22
9897 22
9898 22
9899 22
9900 22
9901 22
9902 22
9903 22
9904 22
9905 22
9906 22
9907 22
9908 22
9909 22
9910 22
9911 22
9912 22
9913 22
9914 22
9915 22
9916 22
9917 22
9918 22
9919 22
9920 22
9921 22
9922 22
9923 22
9924 22
9925 22
9926 22
9927 22
9928 22
9929 22
9930 22
9931 22
9932 22
9933 22
9934 22
9935 22
9936 22
9937 22
9938 22
9939 22
9940 22
9941 22
9942 22
9943 22
9944 22
9945 22
9946 22
9947 22
9948 22
9949 22
9950 22
9951 22
9952 22
9953 22
9954 22
9955 22
9956 22
9957 22
9958 22
9959 22
9960 22
9961 22
9962 22
9963 22
9964 22
9965 22
9966 22
9967 22
9968 22
9969 22
9970 22
9971 22
9972 22
9973 22
9974 22
9975 22
9976 22
9977 22
9978 22
9979 22
9980 22
9981 22
9982 22
9983 22
9984 22
9985 22
9986 22
9987 22
9988 22
9989 22
9990 22
9991 22
9992 22
9993 22
9994 22
9995 22
9996 22
9997 22
9998 22
9999 22
10000 22
10001 22
10002 22
10003 22
10004 22
10005 22
10006 22
10007 22
10008 22
10009 22
10010 22
10011 22
10012 22
10013 22
10014 22
10015 22
10016 22
10017 22
10018 22
10019 22
10020 22
10021 22
10022 22
10023 22
10024 22
10025 22
10026 22
10027 22
10028 22
10029 22
10030 22
10031 22
10032 22
10033 22
10034 22
10035 22
10036 22
10037 22
10038 22
10039 22
10040 22
10041 22
10042 22
10043 22
10044 22
10045 22
10046 22
10047 22
10048 22
10049 22
10050 22
10051 22
10052 22
10053 22
10054 22
10055 22
10056 22
10057 22
10058 22
10059 22
10060 22
10061 22
10062 22
10063 22
10064 22
10065 22
10066 22
10067 22
10068 22
10069 22
10070 22
10071 22
10072 22
10073 22
10074 22
10075 22
10076 22
10077 22
10078 22
10079 22
10080 22
10081 22
10082 22
10083 22
10084 22
10085 22
10086 22
10087 22
10088 22
10089 22
10090 22
10091 22
10092 22
10093 22
10094 22
10095 22
10096 22
10097 22
10098 22
10099 22
10100 22
10101 22
10102 22
10103 22
10104 22
10105 22
10106 22
10107 22
10108 22
10109 22
10110 22
10111 22
10112 22
10113 22
10114 22
10115 22
10116 22
10117 22
10118 22
10119 22
10120 22
10121 22
10122 22
10123 22
10124 22
10125 22
10126 22
10127 22
10128 22
10129 22
10130 22
10131 22
10132 22
10133 22
10134 22
10135 22
10136 22
10137 22
10138 22
10139 22
10140 22
10141 22
10142 22
10143 22
10144 22
10145 22
10146 22
10147 22
10148 22
10149 22
10150 22
10151 22
10152 22
10153 22
10154 22
10155 22
10156 22
10157 22
10158 22
10159 22
10160 22
10161 22
10162 22
10163 22
10164 22
10165 22
10166 22
10167 22
10168 22
10169 22
10170 22
10171 22
10172 22
10173 22
10174 22
10175 22
10176 22
10177 22
10178 22
10179 22
10180 22
10181 22
10182 22
10183 22
10184 22
10185 22
10186 22
10187 22
10188 22
10189 22
10190 22
10191 22
10192 22
10193 22
10194 22
10195 22
10196 22
10197 22
10198 22
10199 22
10200 22
10201 22
10202 22
10203 22
10204 22
10205 22
10206 22
10207 22
10208 22
10209 22
10210 22
10211 22
10212 22
10213 22
10214 22
10215 22
10216 22
10217 22
10218 22
10219 22
10220 22
10221 22
10222 22
10223 22
10224 22
10225 22
10226 22
10227 22
10228 22
10229 22
10230 22
10231 22
10232 22
10233 22
10234 22
10235 22
10236 22
10237 22
10238 22
10239 22
10240 22
10241 22
10242 22
10243 22
10244 22
10245 22
10246 22
10247 22
10248 22
10249 22
10250 22
10251 22
10252 22
10253 22
10254 22
10255 22
10256 22
10257 22
10258 22
10259 22
10260 22
10261 22
10262 22
10263 22
10264 22
10265 22
10266 22
10267 22
10268 22
10269 22
10270 22
10271 22
10272 22
10273 22
10274 22
10275 22
10276 22
10277 22
10278 22
10279 22
10280 22
10281 22
10282 22
10283 22
10284 22
10285 22
10286 22
10287 22
10288 22
10289 22
10290 22
10291 22
10292 22
10293 22
10294 22
10295 22
10296 22
10297 22
10298 22
10299 22
10300 22
10301 22
10302 22
10303 22
10304 22
10305 22
10306 22
10307 22
10308 22
10309 22
10310 22
10311 22
10312 22
10313 22
10314 22
10315 22
10316 22
10317 22
10318 22
10319 22
10320 22
10321 22
10322 22
10323 22
10324 22
10325 22
10326 22
10327 22
10328 22
10329 22
10330 22
10331 22
10332 22
10333 22
10334 22
10335 22
10336 22
10337 22
10338 22
10339 22
10340 22
10341 22
10342 22
10343 22
10344 22
10345 22
10346 22
10347 22
10348 22
10349 22
10350 22
10351 22
10352 22
10353 22
10354 22
10355 22
10356 22
10357 22
10358 22
10359 22
10360 22
10361 22
10362 22
10363 22
10364 22
10365 22
10366 22
10367 22
10368 22
10369 22
10370 22
10371 22
10372 22
10373 22
10374 22
10375 22
10376 22
10377 22
10378 22
10379 22
10380 22
10381 22
10382 22
10383 22
10384 22
10385 22
10386 22
10387 22
10388 22
10389 22
10390 22
10391 22
10392 22
10393 22
10394 22
10395 22
10396 22
10397 22
10398 22
10399 22
10400 22
10401 22
10402 22
10403 22
10404 22
10405 22
10406 22
10407 22
10408 22
10409 22
10410 22
10411 22
10412 22
10413 22
10414 22
10415 22
10416 22
10417 22
10418 22
10419 22
10420 22
10421 22
10422 22
10423 22
10424 22
10425 22
10426 22
10427 22
10428 22
10429 22
10430 22
10431 22
10432 22
10433 22
10434 22
10435 22
10436 22
10437 22
10438 22
10439 22
10440 22
10441 22
10442 22
10443 22
10444 22
10445 22
10446 22
10447 22
10448 22
10449 22
10450 22
10451 22
10452 22
10453 22
10454 22
10455 22
10456 22
10457 22
10458 22
10459 22
10460 22
10461 22
10462 22
10463 22
10464 22
10465 22
10466 22
10467 22
10468 22
10469 22
10470 22
10471 22
10472 22
10473 22
10474 22
10475 22
10476 22
10477 22
10478 22
10479 22
10480 22
10481 22
10482 22
10483 22
10484 22
10485 22
10486 22
10487 22
10488 22
10489 22
10490 22
10491 22
10492 22
10493 22
10494 22
10495 22
10496 22
10497 22
10498 22
10499 22
10500 22
10501 22
10502 22
10503 22
10504 22
10505 22
10506 22
10507 22
10508 22
10509 22
10510 22
10511 22
10512 22
10513 22
10514 22
10515 22
10516 22
10517 22
10518 22
10519 22
10520 22
10521 22
10522 22
10523 22
10524 22
10525 22
10526 22
10527 22
10528 22
10529 22
10530 22
10531 22
10532 22
10533 22
10534 22
10535 22
10536 22
10537 22
10538 22
10539 22
10540 22
10541 22
10542 22
10543 22
10544 22
10545 22
10546 22
10547 22
10548 22
10549 22
10550 22
10551 22
10552 22
10553 22
10554 22
10555 22
10556 22
10557 22
10558 22
10559 22
10560 22
10561 22
10562 22
10563 22
10564 22
10565 22
10566 22
10567 22
10568 22
10569 22
10570 22
10571 22
10572 22
10573 22
10574 22
10575 22
10576 22
10577 22
10578 22
10579 22
10580 22
10581 22
10582 22
10583 22
10584 22
10585 22
10586 22
10587 22
10588 22
10589 22
10590 22
10591 22
10592 22
10593 22
10594 22
10595 22
10596 22
10597 22
10598 22
10599 22
10600 22
10601 22
10602 22
10603 22
10604 22
10605 22
10606 22
10607 22
10608 22
10609 22
10610 22
10611 22
10612 22
10613 22
10614 22
10615 22
10616 22
10617 22
10618 22
10619 22
10620 22
10621 22
10622 22
10623 22
10624 22
10625 22
10626 22
10627 22
10628 22
10629 22
10630 22
10631 22
10632 22
10633 22
10634 22
10635 22
10636 22
10637 22
10638 22
10639 22
10640 22
10641 22
10642 22
10643 22
10644 22
10645 22
10646 22
10647 22
10648 22
10649 22
10650 22
10651 22
10652 22
10653 22
10654 22
10655 22
10656 22
10657 22
10658 22
10659 22
10660 22
10661 22
10662 22
10663 22
10664 22
10665 22
10666 22
10667 22
10668 22
10669 22
10670 22
10671 22
10672 22
10673 22
10674 22
10675 22
10676 22
10677 22
10678 22
10679 22
10680 22
10681 22
10682 22
10683 22
10684 22
10685 22
10686 22
10687 22
10688 22
10689 22
10690 22
10691 22
10692 22
10693 22
10694 22
10695 22
10696 22
10697 22
10698 22
10699 22
10700 22
10701 22
10702 22
10703 22
10704 22
10705 22
10706 22
10707 22
10708 22
10709 22
10710 22
10711 22
10712 22
10713 22
10714 22
10715 22
10716 22
10717 22
10718 22
10719 22
10720 22
10721 22
10722 22
10723 22
10724 22
10725 22
10726 22
10727 22
10728 22
10729 22
10730 22
10731 22
10732 22
10733 22
10734 22
10735 22
10736 22
10737 22
10738 22
10739 22
10740 22
10741 22
10742 22
10743 22
10744 22
10745 22
10746 22
10747 22
10748 22
10749 22
10750 22
10751 22
10752 22
10753 22
10754 22
10755 22
10756 22
10757 22
10758 22
10759 22
10760 22
10761 22
10762 22
10763 22
10764 22
10765 22
10766 22
10767 22
10768 22
10769 22
10770 22
10771 22
10772 22
10773 22
10774 22
10775 22
10776 22
10777 22
10778 22
10779 22
10780 22
10781 22
10782 22
10783 22
10784 22
10785 22
10786 22
10787 22
10788 22
10789 22
10790 22
10791 22
10792 22
10793 22
10794 22
10795 22
10796 22
10797 22
10798 22
10799 22
10800 22
10801 22
10802 22
10803 22
10804 22
10805 22
10806 22
10807 22
10808 22
10809 22
10810 22
10811 22
10812 22
10813 22
10814 22
10815 22
10816 22
10817 22
10818 22
10819 22
10820 22
10821 22
10822 22
10823 22
10824 22
10825 22
10826 22
10827 22
10828 22
10829 22
10830 22
10831 22
10832 22
10833 22
10834 22
10835 22
10836 22
10837 22
10838 22
10839 22
10840 22
10841 22
10842 5
10843 5
10844 5
10845 5
10846 5
10847 5
10848 5
10849 5
10850 5
10851 5
10852 5
10853 5
10854 5
10855 5
10856 5
10857 5
10858 5
10859 5
10860 5
10861 5
10862 5
10863 5
10864 5
10865 5
10866 5
10867 5
10868 5
10869 5
10870 5
10871 5
10872 5
10873 5
10874 5
10875 5
10876 5
10877 5
10878 5
10879 5
10880 5
10881 5
10882 5
10883 5
10884 5
10885 5
10886 5
10887 5
10888 5
10889 5
10890 5
10891 5
10892 5
10893 5
10894 5
10895 5
10896 5
10897 5
10898 5
10899 5
10900 5
10901 5
10902 5
10903 5
10904 5
10905 5
10906 5
10907 5
10908 5
10909 5
10910 5
10911 5
10912 5
10913 5
10914 5
10915 5
10916 5
10917 5
10918 5
10919 5
10920 5
10921 5
10922 5
10923 5
10924 5
10925 5
10926 5
10927 5
10928 5
10929 5
10930 5
10931 5
10932 5
10933 5
10934 5
10935 5
10936 5
10937 5
10938 5
10939 5
10940 5
10941 5
10942 5
10943 5
10944 5
10945 5
10946 5
10947 5
10948 5
10949 5
10950 5
10951 5
10952 5
10953 5
10954 5
10955 5
10956 5
10957 5
10958 5
10959 5
10960 5
10961 5
10962 27
10963 27
10964 27
10965 27
10966 27
10967 27
10968 27
10969 27
10970 27
10971 27
10972 27
10973 27
10974 27
10975 27
10976 27
10977 27
10978 27
10979 27
10980 27
10981 27
10982 27
10983 27
10984 27
10985 27
10986 27
10987 27
10988 27
10989 27
10990 27
10991 27
10992 27
10993 27
10994 27
10995 27
10996 27
10997 27
10998 27
10999 27
11000 27
11001 27
11002 27
11003 27
11004 27
11005 27
11006 27
11007 27
11008 27
11009 27
11010 27
11011 27
11012 27
11013 27
11014 27
11015 27
11016 27
11017 27
11018 27
11019 27
11020 27
11021 27
11022 27
11023 27
11024 27
11025 27
11026 27
11027 27
11028 27
11029 27
11030 27
11031 27
11032 27
11033 27
11034 27
11035 27
11036 27
11037 27
11038 27
11039 27
11040 27
11041 27
11042 27
11043 27
11044 27
11045 27
11046 27
11047 27
11048 27
11049 27
11050 27
11051 27
11052 27
11053 27
11054 27
11055 27
11056 27
11057 27
11058 27
11059 27
11060 27
11061 27
11062 27
11063 27
11064 27
11065 27
11066 27
11067 27
11068 27
11069 27
11070 27
11071 27
11072 27
11073 27
11074 27
11075 27
11076 27
11077 27
11078 27
11079 27
11080 27
11081 27
11082 27
11083 27
11084 27
11085 27
11086 27
11087 27
11088 27
11089 27
11090 27
11091 27
11092 27
11093 27
11094 27
11095 27
11096 27
11097 27
11098 27
11099 27
11100 27
11101 27
11102 27
11103 27
11104 27
11105 27
11106 27
11107 27
11108 27
11109 27
11110 27
11111 27
11112 27
11113 27
11114 27
11115 27
11116 27
11117 27
11118 27
11119 27
11120 27
11121 27
11122 27
11123 27
11124 27
11125 27
11126 27
11127 27
11128 27
11129 27
11130 27
11131 27
11132 27
11133 27
11134 27
11135 27
11136 27
11137 27
11138 27
11139 27
11140 27
11141 27
11142 27
11143 27
11144 27
11145 27
11146 27
11147 27
11148 27
11149 27
11150 27
11151 27
11152 27
11153 27
11154 27
11155 27
11156 27
11157 27
11158 27
11159 27
11160 27
11161 27
11162 27
11163 27
11164 27
11165 27
11166 27
11167 27
11168 27
11169 27
11170 27
11171 27
11172 27
11173 27
11174 27
11175 27
11176 27
11177 27
11178 27
11179 27
11180 27
11181 27
11182 27
11183 27
11184 27
11185 27
11186 27
11187 27
11188 27
11189 27
11190 27
11191 27
11192 27
11193 27
11194 27
11195 27
11196 27
11197 27
11198 27
11199 27
11200 27
11201 27
11202 27
11203 27
11204 27
11205 27
11206 27
11207 27
11208 27
11209 27
11210 27
11211 27
11212 27
11213 27
11214 27
11215 27
11216 27
11217 27
11218 27
11219 27
11220 27
11221 27
11222 27
11223 27
11224 27
11225 27
11226 27
11227 27
11228 27
11229 27
11230 27
11231 27
11232 27
11233 27
11234 27
11235 27
11236 27
11237 27
11238 27
11239 27
11240 27
11241 27
11242 27
11243 27
11244 27
11245 27
11246 27
11247 27
11248 27
11249 27
11250 27
11251 27
11252 27
11253 27
11254 27
11255 27
11256 27
11257 27
11258 27
11259 27
11260 27
11261 27
11262 27
11263 27
11264 27
11265 27
11266 27
11267 27
11268 27
11269 27
11270 27
11271 27
11272 27
11273 27
11274 27
11275 27
11276 27
11277 27
11278 27
11279 27
11280 27
11281 27
11282 27
11283 27
11284 27
11285 27
11286 27
11287 27
11288 27
11289 27
11290 27
11291 27
11292 27
11293 27
11294 27
11295 27
11296 27
11297 27
11298 27
11299 27
11300 27
11301 27
11302 27
11303 27
11304 27
11305 27
11306 27
11307 27
11308 27
11309 27
11310 35
11311 35
11312 35
11313 35
11314 35
11315 35
11316 35
11317 35
11318 35
11319 35
11320 35
11321 35
11322 35
11323 35
11324 35
11325 35
11326 35
11327 35
11328 35
11329 35
11330 35
11331 35
11332 35
11333 35
11334 35
11335 35
11336 35
11337 35
11338 35
11339 35
11340 35
11341 35
11342 35
11343 35
11344 35
11345 35
11346 35
11347 35
11348 35
11349 35
11350 35
11351 35
11352 35
11353 35
11354 35
11355 35
11356 35
11357 35
11358 35
11359 35
11360 35
11361 35
11362 35
11363 35
11364 35
11365 35
11366 35
11367 35
11368 35
11369 35
11370 35
11371 35
11372 35
11373 35
11374 35
11375 35
11376 35
11377 35
11378 35
11379 35
11380 35
11381 35
11382 35
11383 35
11384 35
11385 35
11386 35
11387 35
11388 35
11389 35
11390 35
11391 35
11392 35
11393 35
11394 35
11395 35
11396 35
11397 35
11398 35
11399 35
11400 35
11401 35
11402 35
11403 35
11404 35
11405 35
11406 35
11407 35
11408 35
11409 35
11410 35
11411 35
11412 35
11413 35
11414 35
11415 35
11416 35
11417 35
11418 35
11419 35
11420 35
11421 35
11422 35
11423 35
11424 35
11425 35
11426 35
11427 35
11428 35
11429 35
11430 35
11431 35
11432 35
11433 35
11434 35
11435 35
11436 35
11437 35
11438 35
11439 35
11440 35
11441 35
11442 35
11443 35
11444 35
11445 35
11446 35
11447 35
11448 35
11449 35
11450 35
11451 35
11452 35
11453 35
11454 35
11455 35
11456 35
11457 35
11458 35
11459 35
11460 35
11461 35
11462 35
11463 35
11464 35
11465 35
11466 35
11467 35
11468 35
11469 35
11470 35
11471 35
11472 35
11473 35
11474 35
11475 35
11476 35
11477 35
11478 35
11479 35
11480 35
11481 35
11482 35
11483 35
11484 35
11485 35
11486 35
11487 35
11488 35
11489 35
11490 35
11491 35
11492 35
11493 35
11494 35
11495 35
11496 35
11497 35
11498 35
11499 35
11500 35
11501 35
11502 35
11503 35
11504 35
11505 35
11506 35
11507 35
11508 35
11509 35
11510 35
11511 35
11512 35
11513 35
11514 35
11515 35
11516 35
11517 35
11518 35
11519 35
11520 35
11521 35
11522 35
11523 35
11524 35
11525 35
11526 35
11527 35
11528 35
11529 35
11530 35
11531 35
11532 35
11533 35
11534 35
11535 35
11536 35
11537 35
11538 35
11539 35
11540 35
11541 35
11542 35
11543 35
11544 35
11545 35
11546 35
11547 35
11548 35
11549 35
11550 35
11551 35
11552 35
11553 35
11554 35
11555 35
11556 35
11557 35
11558 35
11559 35
11560 35
11561 35
11562 35
11563 35
11564 35
11565 35
11566 35
11567 35
11568 35
11569 35
11570 35
11571 35
11572 35
11573 35
11574 35
11575 35
11576 35
11577 35
11578 35
11579 35
11580 35
11581 35
11582 35
11583 35
11584 35
11585 35
11586 35
11587 35
11588 35
11589 35
11590 35
11591 35
11592 35
11593 35
11594 35
11595 35
11596 35
11597 35
11598 35
11599 35
11600 35
11601 35
11602 35
11603 35
11604 35
11605 35
11606 35
11607 35
11608 35
11609 35
11610 35
11611 35
11612 35
11613 35
11614 35
11615 35
11616 35
11617 35
11618 35
11619 35
11620 35
11621 35
11622 35
11623 35
11624 35
11625 35
11626 35
11627 35
11628 35
11629 35
11630 35
11631 35
11632 35
11633 35
11634 35
11635 35
11636 35
11637 35
11638 35
11639 35
11640 35
11641 35
11642 35
11643 35
11644 35
11645 35
11646 35
11647 35
11648 35
11649 35
11650 35
11651 35
11652 35
11653 35
11654 35
11655 35
11656 35
11657 35
11658 35
11659 35
11660 35
11661 35
11662 35
11663 35
11664 35
11665 35
11666 35
11667 35
11668 35
11669 35
11670 35
11671 35
11672 35
11673 35
11674 35
11675 35
11676 35
11677 35
11678 35
11679 35
11680 35
11681 35
11682 35
11683 35
11684 35
11685 35
11686 35
11687 35
11688 35
11689 35
11690 35
11691 35
11692 35
11693 35
11694 35
11695 35
11696 35
11697 35
11698 35
11699 35
11700 35
11701 35
11702 35
11703 35
11704 35
11705 35
11706 35
11707 35
11708 35
11709 35
11710 35
11711 35
11712 35
11713 35
11714 35
11715 35
11716 35
11717 35
11718 35
11719 35
11720 35
11721 35
11722 35
11723 35
11724 35
11725 35
11726 35
11727 35
11728 35
11729 22
11730 22
11731 22
11732 22
11733 22
11734 22
11735 22
11736 22
11737 22
11738 22
11739 22
11740 22
11741 22
11742 22
11743 22
11744 22
11745 22
11746 22
11747 22
11748 22
11749 22
11750 22
11751 22
11752 22
11753 22
11754 22
11755 22
11756 22
11757 22
11758 22
11759 22
11760 22
11761 22
11762 22
11763 22
11764 22
11765 22
11766 22
11767 22
11768 22
11769 22
11770 22
11771 22
11772 22
11773 22
11774 22
11775 22
11776 22
11777 22
11778 22
11779 22
11780 22
11781 22
11782 22
11783 22
11784 22
11785 22
11786 22
11787 22
11788 22
